#      x          Cp  
     1.00000    0.24682
     0.99097    0.21912
     0.97920    0.18158
     0.96596    0.14320
     0.95136    0.10520
     0.93563    0.06896
     0.91904    0.03516
     0.90185    0.00402
     0.88427   -0.02454
     0.86642   -0.05074
     0.84841   -0.07479
     0.83030   -0.09690
     0.81212   -0.11719
     0.79390   -0.13574
     0.77564   -0.15259
     0.75737   -0.16795
     0.73908   -0.18289
     0.72078   -0.20156
     0.70248   -0.23516
     0.68418   -0.29648
     0.66588   -0.35310
     0.64759   -0.36192
     0.62931   -0.37115
     0.61104   -0.38075
     0.59279   -0.39085
     0.57457   -0.40156
     0.55637   -0.41300
     0.53821   -0.42529
     0.52008   -0.43848
     0.50200   -0.45261
     0.48396   -0.46764
     0.46599   -0.48349
     0.44809   -0.50011
     0.43028   -0.51745
     0.41258   -0.53550
     0.39505   -0.55456
     0.37769   -0.57274
     0.36048   -0.58940
     0.34339   -0.60466
     0.32643   -0.61851
     0.30960   -0.63093
     0.29290   -0.64186
     0.27635   -0.65125
     0.25997   -0.65900
     0.24378   -0.66499
     0.22780   -0.66908
     0.21207   -0.67112
     0.19663   -0.67095
     0.18153   -0.66837
     0.16684   -0.66321
     0.15263   -0.65529
     0.13899   -0.64446
     0.12599   -0.63061
     0.11373   -0.61368
     0.10228   -0.59367
     0.09169   -0.57064
     0.08197   -0.54469
     0.07312   -0.51590
     0.06510   -0.48437
     0.05786   -0.45010
     0.05133   -0.41306
     0.04544   -0.37314
     0.04012   -0.33018
     0.03532   -0.28393
     0.03098   -0.23409
     0.02704   -0.18030
     0.02347   -0.12218
     0.02023   -0.05930
     0.01728    0.00875
     0.01462    0.08237
     0.01221    0.16182
     0.01004    0.24717
     0.00809    0.33815
     0.00637    0.43398
     0.00485    0.53315
     0.00355    0.63312
     0.00246    0.73036
     0.00157    0.82002
     0.00088    0.89682
     0.00040    0.95503
     0.00011    0.99031
     0.00000    0.99974
     0.00007    0.98247
     0.00033    0.93614
     0.00080    0.86100
     0.00149    0.76067
     0.00240    0.64226
     0.00355    0.51428
     0.00492    0.38516
     0.00651    0.26150
     0.00834    0.14770
     0.01038    0.04602
     0.01266   -0.04287
     0.01517   -0.11936
     0.01792   -0.18438
     0.02094   -0.23912
     0.02423   -0.28480
     0.02783   -0.32257
     0.03176   -0.35347
     0.03607   -0.37839
     0.04080   -0.39808
     0.04601   -0.41316
     0.05175   -0.42413
     0.05811   -0.43140
     0.06516   -0.43531
     0.07299   -0.43611
     0.08168   -0.43404
     0.09133   -0.42929
     0.10198   -0.42210
     0.11366   -0.41272
     0.12636   -0.40143
     0.14002   -0.38857
     0.15455   -0.37450
     0.16984   -0.35956
     0.18578   -0.34407
     0.20226   -0.32832
     0.21918   -0.31252
     0.23647   -0.29687
     0.25407   -0.28151
     0.27193   -0.26657
     0.29001   -0.25213
     0.30828   -0.23829
     0.32671   -0.22512
     0.34528   -0.21270
     0.36396   -0.20113
     0.38271   -0.19051
     0.40148   -0.18132
     0.42022   -0.17248
     0.43897   -0.16323
     0.45775   -0.15383
     0.47657   -0.14435
     0.49545   -0.13488
     0.51437   -0.12552
     0.53335   -0.11633
     0.55237   -0.10736
     0.57144   -0.09866
     0.59054   -0.09026
     0.60968   -0.08219
     0.62886   -0.07448
     0.64806   -0.06712
     0.66728   -0.06016
     0.68652   -0.05360
     0.70578   -0.04754
     0.72505   -0.04220
     0.74433   -0.03615
     0.76361   -0.00553
     0.78288    0.02367
     0.80213    0.04422
     0.82135    0.05766
     0.84052    0.06817
     0.85959    0.07840
     0.87850    0.08955
     0.89715    0.10221
     0.91537    0.11675
     0.93292    0.13348
     0.94950    0.15269
     0.96480    0.17465
     0.97858    0.19919
     0.99073    0.22762
     1.00000    0.24682
