#      x          Cp  
     1.00000    0.21460
     0.99168    0.19240
     0.98037    0.16239
     0.96727    0.13500
     0.95272    0.11044
     0.93720    0.08915
     0.92112    0.07081
     0.90474    0.05474
     0.88821    0.03965
     0.87160    0.02314
     0.85494    0.00107
     0.83827   -0.03046
     0.82158   -0.06905
     0.80488   -0.09343
     0.78817   -0.09818
     0.77146   -0.10343
     0.75475   -0.10897
     0.73803   -0.11477
     0.72132   -0.12084
     0.70460   -0.12719
     0.68789   -0.13384
     0.67118   -0.14078
     0.65447   -0.14801
     0.63777   -0.15553
     0.62108   -0.16331
     0.60440   -0.17133
     0.58772   -0.17956
     0.57106   -0.18800
     0.55441   -0.19660
     0.53778   -0.20535
     0.52116   -0.21424
     0.50456   -0.22324
     0.48798   -0.23235
     0.47143   -0.24154
     0.45489   -0.25081
     0.43839   -0.26015
     0.42191   -0.26954
     0.40546   -0.27896
     0.38905   -0.28840
     0.37268   -0.29784
     0.35635   -0.30726
     0.34007   -0.31663
     0.32383   -0.32594
     0.30766   -0.33514
     0.29154   -0.34420
     0.27550   -0.35308
     0.25953   -0.36173
     0.24366   -0.37008
     0.22788   -0.37808
     0.21222   -0.38563
     0.19670   -0.39263
     0.18135   -0.39897
     0.16619   -0.40449
     0.15127   -0.40900
     0.13666   -0.41227
     0.12246   -0.41400
     0.10877   -0.41382
     0.09575   -0.41133
     0.08358   -0.40607
     0.07242   -0.39760
     0.06239   -0.38556
     0.05354   -0.36965
     0.04581   -0.34958
     0.03910   -0.32506
     0.03329   -0.29567
     0.02826   -0.26085
     0.02387   -0.21985
     0.02003   -0.17171
     0.01666   -0.11524
     0.01369   -0.04905
     0.01108    0.02839
     0.00879    0.11860
     0.00678    0.22272
     0.00505    0.34091
     0.00358    0.47132
     0.00236    0.60873
     0.00140    0.74357
     0.00070    0.86203
     0.00024    0.94937
     0.00003    0.99446
     0.00003    0.99446
     0.00024    0.94937
     0.00070    0.86203
     0.00140    0.74357
     0.00236    0.60873
     0.00358    0.47132
     0.00505    0.34091
     0.00678    0.22272
     0.00879    0.11860
     0.01108    0.02839
     0.01369   -0.04905
     0.01666   -0.11524
     0.02003   -0.17171
     0.02387   -0.21985
     0.02826   -0.26085
     0.03329   -0.29567
     0.03910   -0.32506
     0.04581   -0.34958
     0.05354   -0.36965
     0.06239   -0.38556
     0.07242   -0.39760
     0.08358   -0.40607
     0.09575   -0.41133
     0.10877   -0.41382
     0.12246   -0.41400
     0.13666   -0.41227
     0.15127   -0.40900
     0.16619   -0.40449
     0.18135   -0.39897
     0.19670   -0.39263
     0.21222   -0.38563
     0.22788   -0.37808
     0.24366   -0.37008
     0.25953   -0.36173
     0.27550   -0.35308
     0.29154   -0.34420
     0.30766   -0.33514
     0.32383   -0.32594
     0.34007   -0.31663
     0.35635   -0.30726
     0.37268   -0.29784
     0.38905   -0.28840
     0.40546   -0.27896
     0.42191   -0.26954
     0.43839   -0.26015
     0.45489   -0.25081
     0.47143   -0.24154
     0.48798   -0.23235
     0.50456   -0.22324
     0.52116   -0.21424
     0.53778   -0.20535
     0.55441   -0.19660
     0.57106   -0.18800
     0.58772   -0.17956
     0.60440   -0.17133
     0.62108   -0.16331
     0.63777   -0.15553
     0.65447   -0.14801
     0.67118   -0.14078
     0.68789   -0.13384
     0.70460   -0.12719
     0.72132   -0.12084
     0.73803   -0.11477
     0.75475   -0.10897
     0.77146   -0.10343
     0.78817   -0.09818
     0.80488   -0.09343
     0.82158   -0.06905
     0.83827   -0.03046
     0.85494    0.00107
     0.87160    0.02314
     0.88821    0.03965
     0.90474    0.05474
     0.92112    0.07081
     0.93720    0.08915
     0.95272    0.11044
     0.96727    0.13500
     0.98037    0.16239
     0.99168    0.19240
     1.00000    0.21460
