#      x          Cp  
     1.00000    0.20896
     0.99187    0.18778
     0.98074    0.15856
     0.96776    0.12990
     0.95330    0.10276
     0.93785    0.07807
     0.92186    0.05596
     0.90557    0.03617
     0.88914    0.01833
     0.87263    0.00211
     0.85609   -0.01279
     0.83952   -0.02657
     0.82294   -0.03941
     0.80635   -0.05142
     0.78976   -0.06269
     0.77315   -0.07328
     0.75655   -0.08325
     0.73994   -0.09264
     0.72333   -0.10159
     0.70672   -0.11050
     0.69011   -0.12046
     0.67350   -0.13407
     0.65690   -0.15528
     0.64030   -0.18558
     0.62371   -0.21827
     0.60712   -0.23059
     0.59055   -0.23669
     0.57398   -0.24392
     0.55743   -0.25187
     0.54089   -0.26038
     0.52436   -0.26938
     0.50785   -0.27886
     0.49136   -0.28879
     0.47489   -0.29915
     0.45844   -0.30994
     0.44201   -0.32114
     0.42562   -0.33274
     0.40925   -0.34473
     0.39291   -0.35712
     0.37661   -0.36989
     0.36035   -0.38308
     0.34413   -0.39669
     0.32796   -0.41077
     0.31184   -0.42539
     0.29578   -0.44064
     0.27979   -0.45668
     0.26388   -0.47372
     0.24806   -0.49210
     0.23237   -0.51227
     0.21684   -0.53485
     0.20154   -0.56069
     0.18661   -0.59028
     0.17212   -0.62071
     0.15811   -0.64914
     0.14460   -0.67289
     0.13157   -0.68948
     0.11906   -0.69670
     0.10706   -0.69271
     0.09561   -0.67609
     0.08476   -0.64598
     0.07456   -0.60217
     0.06508   -0.54528
     0.05639   -0.47668
     0.04853   -0.39840
     0.04151   -0.31276
     0.03531   -0.22198
     0.02989   -0.12795
     0.02516   -0.03199
     0.02106    0.06503
     0.01750    0.16265
     0.01440    0.26063
     0.01172    0.35883
     0.00939    0.45701
     0.00737    0.55475
     0.00563    0.65087
     0.00415    0.74402
     0.00291    0.83059
     0.00190    0.90673
     0.00110    0.96492
     0.00052    0.99693
     0.00016    0.99215
     0.00001    0.94209
     0.00006    0.83804
     0.00035    0.66964
     0.00091    0.44318
     0.00178    0.19108
     0.00294   -0.04503
     0.00441   -0.23207
     0.00616   -0.36089
     0.00819   -0.43779
     0.01049   -0.47523
     0.01309   -0.48505
     0.01602   -0.47647
     0.01931   -0.45597
     0.02305   -0.42795
     0.02732   -0.39536
     0.03226   -0.36018
     0.03803   -0.32379
     0.04485   -0.28734
     0.05299   -0.25202
     0.06274   -0.21937
     0.07429   -0.19155
     0.08760   -0.17108
     0.10236   -0.15984
     0.11804   -0.15815
     0.13418   -0.16474
     0.15044   -0.17751
     0.16662   -0.19410
     0.18263   -0.21205
     0.19847   -0.22866
     0.21419   -0.23984
     0.22991   -0.24602
     0.24569   -0.24903
     0.26153   -0.24979
     0.27745   -0.24889
     0.29344   -0.24675
     0.30949   -0.24364
     0.32561   -0.23978
     0.34179   -0.23531
     0.35801   -0.23034
     0.37429   -0.22498
     0.39060   -0.21929
     0.40696   -0.21332
     0.42335   -0.20714
     0.43977   -0.20078
     0.45623   -0.19427
     0.47271   -0.18763
     0.48922   -0.18091
     0.50575   -0.17410
     0.52230   -0.16723
     0.53887   -0.16032
     0.55546   -0.15336
     0.57206   -0.14638
     0.58868   -0.13938
     0.60531   -0.13236
     0.62195   -0.12535
     0.63861   -0.11834
     0.65526   -0.11135
     0.67193   -0.10440
     0.68860   -0.09751
     0.70528   -0.09069
     0.72196   -0.08400
     0.73864   -0.07745
     0.75532   -0.07108
     0.77200   -0.06493
     0.78867   -0.05903
     0.80535   -0.05339
     0.82201   -0.04801
     0.83867   -0.04289
     0.85532   -0.03803
     0.87194   -0.03347
     0.88853   -0.01821
     0.90505    0.02162
     0.92142    0.05870
     0.93750    0.08859
     0.95303    0.11368
     0.96757    0.13780
     0.98062    0.16284
     0.99182    0.18963
     1.00000    0.20896
