#      x          Cp  
     1.00000    0.47438
     0.99097    0.26652
     0.97920    0.19976
     0.96596    0.14236
     0.95136    0.09610
     0.93563    0.05560
     0.91904    0.01952
     0.90185   -0.01311
     0.88427   -0.04293
     0.86642   -0.07044
     0.84841   -0.09604
     0.83030   -0.12008
     0.81212   -0.14282
     0.79390   -0.16449
     0.77564   -0.18526
     0.75737   -0.20528
     0.73908   -0.22469
     0.72078   -0.24359
     0.70248   -0.26208
     0.68418   -0.28021
     0.66588   -0.29808
     0.64759   -0.31573
     0.62931   -0.33321
     0.61104   -0.35057
     0.59279   -0.36784
     0.57457   -0.38507
     0.55637   -0.40229
     0.53821   -0.41952
     0.52008   -0.43681
     0.50200   -0.45419
     0.48396   -0.47170
     0.46599   -0.48942
     0.44809   -0.50744
     0.43028   -0.52601
     0.41258   -0.54536
     0.39505   -0.56907
     0.37769   -0.58934
     0.36048   -0.60638
     0.34339   -0.62181
     0.32643   -0.63574
     0.30960   -0.64824
     0.29290   -0.65928
     0.27635   -0.66882
     0.25997   -0.67677
     0.24378   -0.68300
     0.22780   -0.68739
     0.21207   -0.68978
     0.19663   -0.68999
     0.18153   -0.68785
     0.16684   -0.68318
     0.15263   -0.67581
     0.13899   -0.66558
     0.12599   -0.65239
     0.11373   -0.63618
     0.10228   -0.61695
     0.09169   -0.59475
     0.08197   -0.56968
     0.07312   -0.54181
     0.06510   -0.51123
     0.05786   -0.47794
     0.05133   -0.44190
     0.04544   -0.40300
     0.04012   -0.36104
     0.03532   -0.31578
     0.03098   -0.26690
     0.02704   -0.21403
     0.02347   -0.15675
     0.02023   -0.09459
     0.01728   -0.02711
     0.01462    0.04614
     0.01221    0.12548
     0.01004    0.21108
     0.00809    0.30275
     0.00637    0.39982
     0.00485    0.50086
     0.00355    0.60347
     0.00246    0.70410
     0.00157    0.79805
     0.00088    0.87975
     0.00040    0.94353
     0.00011    0.98461
     0.00000    0.99991
     0.00007    0.98845
     0.00033    0.94790
     0.00080    0.87807
     0.00149    0.78245
     0.00240    0.66782
     0.00355    0.54276
     0.00492    0.41567
     0.00651    0.29333
     0.00834    0.18024
     0.01038    0.07883
     0.01266   -0.01013
     0.01517   -0.08692
     0.01792   -0.15242
     0.02094   -0.20776
     0.02423   -0.25411
     0.02783   -0.29263
     0.03176   -0.32431
     0.03607   -0.35004
     0.04080   -0.37055
     0.04601   -0.38647
     0.05175   -0.39828
     0.05811   -0.40640
     0.06516   -0.41115
     0.07299   -0.41278
     0.08168   -0.41153
     0.09133   -0.40757
     0.10198   -0.40114
     0.11366   -0.39247
     0.12636   -0.38183
     0.14002   -0.36956
     0.15455   -0.35600
     0.16984   -0.34149
     0.18578   -0.32634
     0.20226   -0.31083
     0.21918   -0.29520
     0.23647   -0.27962
     0.25407   -0.26425
     0.27193   -0.24921
     0.29001   -0.23463
     0.30828   -0.22058
     0.32671   -0.20720
     0.34528   -0.19459
     0.36396   -0.18299
     0.38271   -0.17247
     0.40148   -0.16593
     0.42022   -0.15877
     0.43897   -0.14917
     0.45775   -0.13916
     0.47657   -0.12886
     0.49545   -0.11846
     0.51437   -0.10803
     0.53335   -0.09762
     0.55237   -0.08728
     0.57144   -0.07702
     0.59054   -0.06684
     0.60968   -0.05676
     0.62886   -0.04675
     0.64806   -0.03680
     0.66728   -0.02690
     0.68652   -0.01700
     0.70578   -0.00707
     0.72505    0.00294
     0.74433    0.01309
     0.76361    0.02346
     0.78288    0.03414
     0.80213    0.04524
     0.82135    0.05690
     0.84052    0.06930
     0.85959    0.08266
     0.87850    0.09728
     0.89715    0.11353
     0.91537    0.13189
     0.93292    0.15301
     0.94950    0.17786
     0.96480    0.20783
     0.97858    0.24750
     0.99073    0.29720
     1.00000    0.47438
