#      x          Cp  
     1.00000    0.25379
     0.99097    0.22283
     0.97920    0.18126
     0.96596    0.13967
     0.95136    0.09933
     0.93563    0.06148
     0.91904    0.02650
     0.90185   -0.00565
     0.88427   -0.03522
     0.86642   -0.06256
     0.84841   -0.08800
     0.83030   -0.11183
     0.81212   -0.13430
     0.79390   -0.15562
     0.77564   -0.17596
     0.75737   -0.19543
     0.73908   -0.21414
     0.72078   -0.23216
     0.70248   -0.24950
     0.68418   -0.26615
     0.66588   -0.28203
     0.64759   -0.29698
     0.62931   -0.31075
     0.61104   -0.32330
     0.59279   -0.33630
     0.57457   -0.36033
     0.55637   -0.42029
     0.53821   -0.43776
     0.52008   -0.44849
     0.50200   -0.46129
     0.48396   -0.47537
     0.46599   -0.49050
     0.44809   -0.50656
     0.43028   -0.52356
     0.41258   -0.54152
     0.39505   -0.56112
     0.37769   -0.57960
     0.36048   -0.59621
     0.34339   -0.61134
     0.32643   -0.62503
     0.30960   -0.63730
     0.29290   -0.64812
     0.27635   -0.65742
     0.25997   -0.66511
     0.24378   -0.67107
     0.22780   -0.67517
     0.21207   -0.67724
     0.19663   -0.67712
     0.18153   -0.67462
     0.16684   -0.66956
     0.15263   -0.66176
     0.13899   -0.65108
     0.12599   -0.63739
     0.11373   -0.62065
     0.10228   -0.60086
     0.09169   -0.57807
     0.08197   -0.55237
     0.07312   -0.52386
     0.06510   -0.49261
     0.05786   -0.45864
     0.05133   -0.42191
     0.04544   -0.38231
     0.04012   -0.33967
     0.03532   -0.29373
     0.03098   -0.24420
     0.02704   -0.19071
     0.02347   -0.13285
     0.02023   -0.07021
     0.01728   -0.00233
     0.01462    0.07117
     0.01221    0.15059
     0.01004    0.23603
     0.00809    0.32725
     0.00637    0.42349
     0.00485    0.52328
     0.00355    0.62410
     0.00246    0.72244
     0.00157    0.81347
     0.00088    0.89180
     0.00040    0.95173
     0.00011    0.98876
     0.00000    0.99993
     0.00007    0.98432
     0.00033    0.93961
     0.00080    0.86589
     0.00149    0.76678
     0.00240    0.64929
     0.00355    0.52199
     0.00492    0.39332
     0.00651    0.26993
     0.00834    0.15628
     0.01038    0.05464
     0.01266   -0.03427
     0.01517   -0.11082
     0.01792   -0.17593
     0.02094   -0.23079
     0.02423   -0.27660
     0.02783   -0.31452
     0.03176   -0.34558
     0.03607   -0.37067
     0.04080   -0.39053
     0.04601   -0.40578
     0.05175   -0.41694
     0.05811   -0.42441
     0.06516   -0.42851
     0.07299   -0.42950
     0.08168   -0.42762
     0.09133   -0.42307
     0.10198   -0.41606
     0.11366   -0.40685
     0.12636   -0.39573
     0.14002   -0.38301
     0.15455   -0.36907
     0.16984   -0.35424
     0.18578   -0.33883
     0.20226   -0.32314
     0.21918   -0.30738
     0.23647   -0.29176
     0.25407   -0.27641
     0.27193   -0.26147
     0.29001   -0.24704
     0.30828   -0.23323
     0.32671   -0.22013
     0.34528   -0.20785
     0.36396   -0.19655
     0.38271   -0.18638
     0.40148   -0.17825
     0.42022   -0.17055
     0.43897   -0.16230
     0.45775   -0.15415
     0.47657   -0.14659
     0.49545   -0.14070
     0.51437   -0.13270
     0.53335   -0.09993
     0.55237   -0.08145
     0.57144   -0.07248
     0.59054   -0.06531
     0.60968   -0.05790
     0.62886   -0.04998
     0.64806   -0.04166
     0.66728   -0.03306
     0.68652   -0.02424
     0.70578   -0.01524
     0.72505   -0.00606
     0.74433    0.00333
     0.76361    0.01295
     0.78288    0.02289
     0.80213    0.03322
     0.82135    0.04407
     0.84052    0.05557
     0.85959    0.06790
     0.87850    0.08130
     0.89715    0.09604
     0.91537    0.11244
     0.93292    0.13088
     0.94950    0.15172
     0.96480    0.17536
     0.97858    0.20177
     0.99073    0.23254
     1.00000    0.25379
