#      x          Cp  
     1.00000    0.21634
     0.99168    0.19108
     0.98037    0.15727
     0.96727    0.12698
     0.95272    0.09987
     0.93720    0.07610
     0.92112    0.05527
     0.90474    0.03687
     0.88821    0.02043
     0.87160    0.00554
     0.85494   -0.00807
     0.83827   -0.02066
     0.82158   -0.03237
     0.80488   -0.04334
     0.78817   -0.05366
     0.77146   -0.06337
     0.75475   -0.07249
     0.73803   -0.08101
     0.72132   -0.08887
     0.70460   -0.09601
     0.68789   -0.10255
     0.67118   -0.10957
     0.65447   -0.12168
     0.63777   -0.14845
     0.62108   -0.17747
     0.60440   -0.18004
     0.58772   -0.18550
     0.57106   -0.19222
     0.55441   -0.19966
     0.53778   -0.20757
     0.52116   -0.21583
     0.50456   -0.22436
     0.48798   -0.23310
     0.47143   -0.24202
     0.45489   -0.25108
     0.43839   -0.26026
     0.42191   -0.26952
     0.40546   -0.27884
     0.38905   -0.28821
     0.37268   -0.29760
     0.35635   -0.30698
     0.34007   -0.31633
     0.32383   -0.32562
     0.30766   -0.33481
     0.29154   -0.34387
     0.27550   -0.35274
     0.25953   -0.36139
     0.24366   -0.36976
     0.22788   -0.37776
     0.21222   -0.38532
     0.19670   -0.39234
     0.18135   -0.39870
     0.16619   -0.40424
     0.15127   -0.40878
     0.13666   -0.41207
     0.12246   -0.41383
     0.10877   -0.41371
     0.09575   -0.41127
     0.08358   -0.40609
     0.07242   -0.39772
     0.06239   -0.38580
     0.05354   -0.37003
     0.04581   -0.35012
     0.03910   -0.32578
     0.03329   -0.29660
     0.02826   -0.26200
     0.02387   -0.22123
     0.02003   -0.17333
     0.01666   -0.11709
     0.01369   -0.05113
     0.01108    0.02613
     0.00879    0.11620
     0.00678    0.22028
     0.00505    0.33855
     0.00358    0.46919
     0.00236    0.60698
     0.00140    0.74232
     0.00070    0.86132
     0.00024    0.94910
     0.00003    0.99443
     0.00003    0.99443
     0.00024    0.94910
     0.00070    0.86132
     0.00140    0.74232
     0.00236    0.60698
     0.00358    0.46919
     0.00505    0.33855
     0.00678    0.22028
     0.00879    0.11620
     0.01108    0.02613
     0.01369   -0.05113
     0.01666   -0.11709
     0.02003   -0.17333
     0.02387   -0.22123
     0.02826   -0.26200
     0.03329   -0.29660
     0.03910   -0.32578
     0.04581   -0.35012
     0.05354   -0.37003
     0.06239   -0.38580
     0.07242   -0.39772
     0.08358   -0.40609
     0.09575   -0.41127
     0.10877   -0.41371
     0.12246   -0.41383
     0.13666   -0.41207
     0.15127   -0.40878
     0.16619   -0.40424
     0.18135   -0.39870
     0.19670   -0.39234
     0.21222   -0.38532
     0.22788   -0.37776
     0.24366   -0.36976
     0.25953   -0.36139
     0.27550   -0.35274
     0.29154   -0.34387
     0.30766   -0.33481
     0.32383   -0.32562
     0.34007   -0.31633
     0.35635   -0.30698
     0.37268   -0.29760
     0.38905   -0.28821
     0.40546   -0.27884
     0.42191   -0.26952
     0.43839   -0.26026
     0.45489   -0.25108
     0.47143   -0.24202
     0.48798   -0.23310
     0.50456   -0.22436
     0.52116   -0.21583
     0.53778   -0.20757
     0.55441   -0.19966
     0.57106   -0.19222
     0.58772   -0.18550
     0.60440   -0.18004
     0.62108   -0.17747
     0.63777   -0.14845
     0.65447   -0.12168
     0.67118   -0.10957
     0.68789   -0.10255
     0.70460   -0.09601
     0.72132   -0.08887
     0.73803   -0.08101
     0.75475   -0.07249
     0.77146   -0.06337
     0.78817   -0.05366
     0.80488   -0.04334
     0.82158   -0.03237
     0.83827   -0.02066
     0.85494   -0.00807
     0.87160    0.00554
     0.88821    0.02043
     0.90474    0.03687
     0.92112    0.05527
     0.93720    0.07610
     0.95272    0.09987
     0.96727    0.12698
     0.98037    0.15727
     0.99168    0.19108
     1.00000    0.21634
