#      x          Cp  
     1.00000    0.41201
     0.99187    0.23535
     0.98074    0.18311
     0.96776    0.13955
     0.95330    0.10563
     0.93785    0.07716
     0.92186    0.05277
     0.90557    0.03141
     0.88914    0.01234
     0.87263   -0.00499
     0.85609   -0.02094
     0.83952   -0.03582
     0.82294   -0.04985
     0.80635   -0.06319
     0.78976   -0.07599
     0.77315   -0.08834
     0.75655   -0.10033
     0.73994   -0.11205
     0.72333   -0.12356
     0.70672   -0.13489
     0.69011   -0.14612
     0.67350   -0.15726
     0.65690   -0.16837
     0.64030   -0.17947
     0.62371   -0.19058
     0.60712   -0.20174
     0.59055   -0.21297
     0.57398   -0.22428
     0.55743   -0.23570
     0.54089   -0.24724
     0.52436   -0.25893
     0.50785   -0.27076
     0.49136   -0.28276
     0.47489   -0.29495
     0.45844   -0.30733
     0.44201   -0.31992
     0.42562   -0.33273
     0.40925   -0.34578
     0.39291   -0.35908
     0.37661   -0.37266
     0.36035   -0.38655
     0.34413   -0.40076
     0.32796   -0.41535
     0.31184   -0.43036
     0.29578   -0.44588
     0.27979   -0.46201
     0.26388   -0.47891
     0.24806   -0.49681
     0.23237   -0.51615
     0.21684   -0.53754
     0.20154   -0.56332
     0.18661   -0.59740
     0.17212   -0.63251
     0.15811   -0.66464
     0.14460   -0.69114
     0.13157   -0.70972
     0.11906   -0.71838
     0.10706   -0.71544
     0.09561   -0.69960
     0.08476   -0.67004
     0.07456   -0.62664
     0.06508   -0.57003
     0.05639   -0.50162
     0.04853   -0.42347
     0.04151   -0.33789
     0.03531   -0.24715
     0.02989   -0.15309
     0.02516   -0.05707
     0.02106    0.04009
     0.01750    0.13794
     0.01440    0.23629
     0.01172    0.33503
     0.00939    0.43402
     0.00737    0.53282
     0.00563    0.63058
     0.00415    0.72562
     0.00291    0.81511
     0.00190    0.89453
     0.00110    0.95723
     0.00052    0.99428
     0.00016    0.99534
     0.00001    0.95114
     0.00006    0.85327
     0.00035    0.68985
     0.00091    0.46761
     0.00178    0.21702
     0.00294   -0.01854
     0.00441   -0.20626
     0.00616   -0.33574
     0.00819   -0.41319
     0.01049   -0.45089
     0.01309   -0.46070
     0.01602   -0.45182
     0.01931   -0.43081
     0.02305   -0.40208
     0.02732   -0.36865
     0.03226   -0.33261
     0.03803   -0.29543
     0.04485   -0.25853
     0.05299   -0.22335
     0.06274   -0.19177
     0.07429   -0.16608
     0.08760   -0.14855
     0.10236   -0.14053
     0.11804   -0.14183
     0.13418   -0.15099
     0.15044   -0.16593
     0.16662   -0.18439
     0.18263   -0.20403
     0.19847   -0.22214
     0.21419   -0.23265
     0.22991   -0.23749
     0.24569   -0.23968
     0.26153   -0.23993
     0.27745   -0.23873
     0.29344   -0.23641
     0.30949   -0.23320
     0.32561   -0.22927
     0.34179   -0.22475
     0.35801   -0.21974
     0.37429   -0.21433
     0.39060   -0.20859
     0.40696   -0.20257
     0.42335   -0.19632
     0.43977   -0.18988
     0.45623   -0.18328
     0.47271   -0.17655
     0.48922   -0.16970
     0.50575   -0.16276
     0.52230   -0.15575
     0.53887   -0.14866
     0.55546   -0.14150
     0.57206   -0.13428
     0.58868   -0.12700
     0.60531   -0.11966
     0.62195   -0.11224
     0.63861   -0.10474
     0.65526   -0.09715
     0.67193   -0.08945
     0.68860   -0.08161
     0.70528   -0.07362
     0.72196   -0.06543
     0.73864   -0.05703
     0.75532   -0.04835
     0.77200   -0.03935
     0.78867   -0.02996
     0.80535   -0.02011
     0.82201   -0.00969
     0.83867    0.00142
     0.85532    0.01338
     0.87194    0.02639
     0.88853    0.04072
     0.90505    0.05675
     0.92142    0.07500
     0.93750    0.09618
     0.95303    0.12135
     0.96757    0.15190
     0.98062    0.19189
     0.99182    0.24088
     1.00000    0.41201
