#      x          Cp  
     1.00000    0.13529
     0.99168    0.12796
     0.98037    0.11690
     0.96727    0.10286
     0.95272    0.08595
     0.93720    0.06661
     0.92112    0.04542
     0.90474    0.02291
     0.88821   -0.00051
     0.87160   -0.02453
     0.85494   -0.04891
     0.83827   -0.07349
     0.82158   -0.09816
     0.80488   -0.12284
     0.78817   -0.14749
     0.77146   -0.17211
     0.75475   -0.19671
     0.73803   -0.22131
     0.72132   -0.24595
     0.70460   -0.27067
     0.68789   -0.29551
     0.67118   -0.32054
     0.65447   -0.34582
     0.63777   -0.37139
     0.62108   -0.39731
     0.60440   -0.42366
     0.58772   -0.45049
     0.57106   -0.47786
     0.55441   -0.50584
     0.53778   -0.53450
     0.52116   -0.56391
     0.50456   -0.59414
     0.48798   -0.62527
     0.47143   -0.65738
     0.45489   -0.69057
     0.43839   -0.72493
     0.42191   -0.76056
     0.40546   -0.79759
     0.38905   -0.83613
     0.37268   -0.87633
     0.35635   -0.91836
     0.34007   -0.96239
     0.32383   -1.00864
     0.30766   -1.05734
     0.29154   -1.10879
     0.27550   -1.16330
     0.25953   -1.22126
     0.24366   -1.28313
     0.22788   -1.34947
     0.21222   -1.42094
     0.19670   -1.49835
     0.18135   -1.58266
     0.16619   -1.67506
     0.15127   -1.77697
     0.13666   -1.89003
     0.12246   -2.01614
     0.10877   -2.15723
     0.09575   -2.31511
     0.08358   -2.49102
     0.07242   -2.68528
     0.06239   -2.89713
     0.05354   -3.12494
     0.04581   -3.36645
     0.03910   -3.61861
     0.03329   -3.87682
     0.02826   -4.13411
     0.02387   -4.38901
     0.02003   -4.77608
     0.01666   -5.99521
     0.01369   -6.11706
     0.01108   -6.23103
     0.00879   -6.40138
     0.00678   -6.65649
     0.00505   -6.98463
     0.00358   -7.27980
     0.00236   -7.45701
     0.00140   -7.45728
     0.00070   -7.23729
     0.00024   -6.78501
     0.00003   -6.14214
     0.00003   -5.39448
     0.00024   -4.54755
     0.00070   -3.63074
     0.00140   -2.72314
     0.00236   -1.89208
     0.00358   -1.17915
     0.00505   -0.59698
     0.00678   -0.13857
     0.00879    0.21275
     0.01108    0.47588
     0.01369    0.66860
     0.01666    0.80565
     0.02003    0.89910
     0.02387    0.95810
     0.02826    0.98994
     0.03329    0.99999
     0.03910    0.99258
     0.04581    0.97107
     0.05354    0.93865
     0.06239    0.89780
     0.07242    0.85165
     0.08358    0.80245
     0.09575    0.75290
     0.10877    0.70455
     0.12246    0.65873
     0.13666    0.61596
     0.15127    0.57650
     0.16619    0.54029
     0.18135    0.50716
     0.19670    0.47688
     0.21222    0.44922
     0.22788    0.42391
     0.24366    0.40075
     0.25953    0.37951
     0.27550    0.36002
     0.29154    0.34211
     0.30766    0.32562
     0.32383    0.31042
     0.34007    0.29639
     0.35635    0.28341
     0.37268    0.27140
     0.38905    0.26025
     0.40546    0.24990
     0.42191    0.24026
     0.43839    0.23129
     0.45489    0.22290
     0.47143    0.21507
     0.48798    0.20772
     0.50456    0.20083
     0.52116    0.19435
     0.53778    0.18825
     0.55441    0.18250
     0.57106    0.17707
     0.58772    0.17193
     0.60440    0.16706
     0.62108    0.16244
     0.63777    0.15806
     0.65447    0.15391
     0.67118    0.14996
     0.68789    0.14622
     0.70460    0.14268
     0.72132    0.13933
     0.73803    0.13618
     0.75475    0.13322
     0.77146    0.13048
     0.78817    0.12795
     0.80488    0.12566
     0.82158    0.12362
     0.83827    0.12187
     0.85494    0.12045
     0.87160    0.11942
     0.88821    0.11883
     0.90474    0.11879
     0.92112    0.11941
     0.93720    0.12085
     0.95272    0.12325
     0.96727    0.12677
     0.98037    0.13107
     0.99168    0.13689
     1.00000    0.13529
