#      x          Cp  
     1.00000    0.50452
     0.99097    0.28201
     0.97920    0.20374
     0.96596    0.13279
     0.95136    0.07271
     0.93563    0.01781
     0.91904   -0.03309
     0.90185   -0.08086
     0.88427   -0.12606
     0.86642   -0.16918
     0.84841   -0.21061
     0.83030   -0.25070
     0.81212   -0.28975
     0.79390   -0.32801
     0.77564   -0.36571
     0.75737   -0.40305
     0.73908   -0.44019
     0.72078   -0.47729
     0.70248   -0.51450
     0.68418   -0.55193
     0.66588   -0.58971
     0.64759   -0.62797
     0.62931   -0.66681
     0.61104   -0.70635
     0.59279   -0.74669
     0.57457   -0.78796
     0.55637   -0.83028
     0.53821   -0.87378
     0.52008   -0.91859
     0.50200   -0.96488
     0.48396   -1.01283
     0.46599   -1.06267
     0.44809   -1.11469
     0.43028   -1.16940
     0.41258   -1.22733
     0.39505   -1.29395
     0.37769   -1.35815
     0.36048   -1.42035
     0.34339   -1.48313
     0.32643   -1.54689
     0.30960   -1.61205
     0.29290   -1.67890
     0.27635   -1.74775
     0.25997   -1.81888
     0.24378   -1.89260
     0.22780   -1.96925
     0.21207   -2.04919
     0.19663   -2.13283
     0.18153   -2.22059
     0.16684   -2.31289
     0.15263   -2.41014
     0.13899   -2.51271
     0.12599   -2.62084
     0.11373   -2.73467
     0.10228   -2.85417
     0.09169   -2.97921
     0.08197   -3.10956
     0.07312   -3.24495
     0.06510   -3.38519
     0.05786   -3.53007
     0.05133   -3.67955
     0.04544   -3.83358
     0.04012   -3.99211
     0.03532   -4.15512
     0.03098   -4.32244
     0.02704   -4.49374
     0.02347   -4.66839
     0.02023   -4.84534
     0.01728   -5.02293
     0.01462   -5.19868
     0.01221   -5.36899
     0.01004   -5.52881
     0.00809   -5.67130
     0.00637   -5.78751
     0.00485   -5.86628
     0.00355   -5.89453
     0.00246   -5.85832
     0.00157   -5.74473
     0.00088   -5.54486
     0.00040   -5.25714
     0.00011   -4.88912
     0.00000   -4.46368
     0.00007   -4.00555
     0.00033   -3.49168
     0.00080   -2.93195
     0.00149   -2.35099
     0.00240   -1.77877
     0.00355   -1.24349
     0.00492   -0.76557
     0.00651   -0.35569
     0.00834   -0.01572
     0.01038    0.25852
     0.01266    0.47450
     0.01517    0.64082
     0.01792    0.76591
     0.02094    0.85732
     0.02423    0.92150
     0.02783    0.96378
     0.03176    0.98848
     0.03607    0.99907
     0.04080    0.99832
     0.04601    0.98843
     0.05175    0.97117
     0.05811    0.94798
     0.06516    0.92007
     0.07299    0.88846
     0.08168    0.85409
     0.09133    0.81787
     0.10198    0.78065
     0.11366    0.74329
     0.12636    0.70657
     0.14002    0.67120
     0.15455    0.63772
     0.16984    0.60647
     0.18578    0.57764
     0.20226    0.55126
     0.21918    0.52723
     0.23647    0.50541
     0.25407    0.48560
     0.27193    0.46759
     0.29001    0.45118
     0.30828    0.43613
     0.32671    0.42225
     0.34528    0.40933
     0.36396    0.39710
     0.38271    0.38541
     0.40148    0.37258
     0.42022    0.36090
     0.43897    0.35135
     0.45775    0.34278
     0.47657    0.33504
     0.49545    0.32799
     0.51437    0.32154
     0.53335    0.31560
     0.55237    0.31012
     0.57144    0.30504
     0.59054    0.30032
     0.60968    0.29593
     0.62886    0.29184
     0.64806    0.28803
     0.66728    0.28448
     0.68652    0.28119
     0.70578    0.27815
     0.72505    0.27538
     0.74433    0.27290
     0.76361    0.27072
     0.78288    0.26891
     0.80213    0.26750
     0.82135    0.26660
     0.84052    0.26632
     0.85959    0.26680
     0.87850    0.26829
     0.89715    0.27108
     0.91537    0.27560
     0.93292    0.28246
     0.94950    0.29257
     0.96480    0.30730
     0.97858    0.33033
     0.99073    0.36377
     1.00000    0.50452
