#      x          Cp  
     1.00000    0.01609
     0.99097    0.01342
     0.97920    0.00999
     0.96596    0.00615
     0.95136    0.00193
     0.93563   -0.00254
     0.91904   -0.00710
     0.90185   -0.01144
     0.88427   -0.01501
     0.86642   -0.01757
     0.84841   -0.02570
     0.83030   -0.04030
     0.81212   -0.05962
     0.79390   -0.08340
     0.77564   -0.11121
     0.75737   -0.14254
     0.73908   -0.17678
     0.72078   -0.21336
     0.70248   -0.25173
     0.68418   -0.29141
     0.66588   -0.33203
     0.64759   -0.37334
     0.62931   -0.41517
     0.61104   -0.45744
     0.59279   -0.50013
     0.57457   -0.54327
     0.55637   -0.58694
     0.53821   -0.63124
     0.52008   -0.67629
     0.50200   -0.72225
     0.48396   -0.76929
     0.46599   -0.81760
     0.44809   -0.86745
     0.43028   -0.91920
     0.41258   -0.97330
     0.39505   -1.03161
     0.37769   -1.08962
     0.36048   -1.14688
     0.34339   -1.20436
     0.32643   -1.26237
     0.30960   -1.32118
     0.29290   -1.38099
     0.27635   -1.44200
     0.25997   -1.50436
     0.24378   -1.56826
     0.22780   -1.63384
     0.21207   -1.70125
     0.19663   -1.77059
     0.18153   -1.84188
     0.16684   -1.91500
     0.15263   -1.98956
     0.13899   -2.06474
     0.12599   -2.13910
     0.11373   -2.21128
     0.10228   -2.28092
     0.09169   -2.37123
     0.08197   -2.61332
     0.07312   -2.95907
     0.06510   -3.02213
     0.05786   -3.08311
     0.05133   -3.14688
     0.04544   -3.21684
     0.04012   -3.29511
     0.03532   -3.38173
     0.03098   -3.47731
     0.02704   -3.58145
     0.02347   -3.69194
     0.02023   -3.80566
     0.01728   -3.91931
     0.01462   -4.02943
     0.01221   -4.13215
     0.01004   -4.22279
     0.00809   -4.29554
     0.00637   -4.34318
     0.00485   -4.35708
     0.00355   -4.32752
     0.00246   -4.24464
     0.00157   -4.10002
     0.00088   -3.88891
     0.00040   -3.61264
     0.00011   -3.28022
     0.00000   -2.91302
     0.00007   -2.52238
     0.00033   -2.09612
     0.00080   -1.64637
     0.00149   -1.19352
     0.00240   -0.76050
     0.00355   -0.36729
     0.00492   -0.02701
     0.00651    0.25514
     0.00834    0.48020
     0.01038    0.65375
     0.01266    0.78260
     0.01517    0.87484
     0.01792    0.93692
     0.02094    0.97544
     0.02423    0.99499
     0.02783    0.99993
     0.03176    0.99331
     0.03607    0.97779
     0.04080    0.95519
     0.04601    0.92723
     0.05175    0.89499
     0.05811    0.85960
     0.06516    0.82179
     0.07299    0.78235
     0.08168    0.74192
     0.09133    0.70117
     0.10198    0.66075
     0.11366    0.62132
     0.12636    0.58348
     0.14002    0.54772
     0.15455    0.51442
     0.16984    0.48378
     0.18578    0.45583
     0.20226    0.43050
     0.21918    0.40761
     0.23647    0.38696
     0.25407    0.36831
     0.27193    0.35139
     0.29001    0.33598
     0.30828    0.32185
     0.32671    0.30875
     0.34528    0.29648
     0.36396    0.28475
     0.38271    0.27334
     0.40148    0.26118
     0.42022    0.24968
     0.43897    0.23979
     0.45775    0.23095
     0.47657    0.22295
     0.49545    0.21560
     0.51437    0.20878
     0.53335    0.20237
     0.55237    0.19630
     0.57144    0.19051
     0.59054    0.18493
     0.60968    0.17952
     0.62886    0.17423
     0.64806    0.16903
     0.66728    0.16388
     0.68652    0.15875
     0.70578    0.15362
     0.72505    0.14844
     0.74433    0.14321
     0.76361    0.13790
     0.78288    0.13247
     0.80213    0.12691
     0.82135    0.12119
     0.84052    0.11528
     0.85959    0.10915
     0.87850    0.10276
     0.89715    0.09607
     0.91537    0.08904
     0.93292    0.08163
     0.94950    0.07377
     0.96480    0.06549
     0.97858    0.05598
     0.99073    0.04778
     1.00000    0.01609
