#      x          Cp  
     1.00000    0.43706
     0.99168    0.24160
     0.98037    0.17818
     0.96727    0.12186
     0.95272    0.07547
     0.93720    0.03451
     0.92112   -0.00223
     0.90474   -0.03578
     0.88821   -0.06688
     0.87160   -0.09610
     0.85494   -0.12388
     0.83827   -0.15056
     0.82158   -0.17639
     0.80488   -0.20160
     0.78817   -0.22635
     0.77146   -0.25079
     0.75475   -0.27505
     0.73803   -0.29922
     0.72132   -0.32341
     0.70460   -0.34770
     0.68789   -0.37218
     0.67118   -0.39691
     0.65447   -0.42197
     0.63777   -0.44742
     0.62108   -0.47333
     0.60440   -0.49977
     0.58772   -0.52680
     0.57106   -0.55448
     0.55441   -0.58289
     0.53778   -0.61210
     0.52116   -0.64217
     0.50456   -0.67318
     0.48798   -0.70521
     0.47143   -0.73836
     0.45489   -0.77270
     0.43839   -0.80836
     0.42191   -0.84543
     0.40546   -0.88404
     0.38905   -0.92433
     0.37268   -0.96645
     0.35635   -1.01058
     0.34007   -1.05692
     0.32383   -1.10570
     0.30766   -1.15719
     0.29154   -1.21169
     0.27550   -1.26956
     0.25953   -1.33125
     0.24366   -1.39727
     0.22788   -1.46823
     0.21222   -1.54488
     0.19670   -1.62814
     0.18135   -1.71912
     0.16619   -1.81917
     0.15127   -1.92994
     0.13666   -2.05338
     0.12246   -2.19171
     0.10877   -2.34734
     0.09575   -2.52257
     0.08358   -2.71918
     0.07242   -2.93806
     0.06239   -3.17902
     0.05354   -3.44117
     0.04581   -3.72345
     0.03910   -4.02522
     0.03329   -4.34660
     0.02826   -4.68821
     0.02387   -5.05108
     0.02003   -5.43632
     0.01666   -5.84433
     0.01369   -6.27409
     0.01108   -6.72197
     0.00879   -7.17976
     0.00678   -7.63202
     0.00505   -8.05259
     0.00358   -8.40137
     0.00236   -8.62356
     0.00140   -8.65595
     0.00070   -8.44475
     0.00024   -7.97112
     0.00003   -7.27250
     0.00003   -6.45132
     0.00024   -5.51511
     0.00070   -4.48771
     0.00140   -3.45895
     0.00236   -2.50703
     0.00358   -1.68201
     0.00505   -1.00107
     0.00678   -0.45844
     0.00879   -0.03683
     0.01108    0.28441
     0.01369    0.52480
     0.01666    0.70100
     0.02003    0.82649
     0.02387    0.91184
     0.02826    0.96522
     0.03329    0.99293
     0.03910    0.99988
     0.04581    0.99002
     0.05354    0.96674
     0.06239    0.93318
     0.07242    0.89238
     0.08358    0.84728
     0.09575    0.80052
     0.10877    0.75415
     0.12246    0.70959
     0.13666    0.66762
     0.15127    0.62860
     0.16619    0.59259
     0.18135    0.55949
     0.19670    0.52913
     0.21222    0.50130
     0.22788    0.47579
     0.24366    0.45238
     0.25953    0.43090
     0.27550    0.41115
     0.29154    0.39299
     0.30766    0.37626
     0.32383    0.36083
     0.34007    0.34659
     0.35635    0.33343
     0.37268    0.32125
     0.38905    0.30997
     0.40546    0.29951
     0.42191    0.28980
     0.43839    0.28078
     0.45489    0.27238
     0.47143    0.26456
     0.48798    0.25727
     0.50456    0.25047
     0.52116    0.24413
     0.53778    0.23820
     0.55441    0.23266
     0.57106    0.22748
     0.58772    0.22264
     0.60440    0.21813
     0.62108    0.21392
     0.63777    0.21001
     0.65447    0.20639
     0.67118    0.20304
     0.68789    0.19998
     0.70460    0.19720
     0.72132    0.19470
     0.73803    0.19251
     0.75475    0.19064
     0.77146    0.18912
     0.78817    0.18797
     0.80488    0.18725
     0.82158    0.18702
     0.83827    0.18735
     0.85494    0.18836
     0.87160    0.19017
     0.88821    0.19301
     0.90474    0.19714
     0.92112    0.20298
     0.93720    0.21115
     0.95272    0.22258
     0.96727    0.23870
     0.98037    0.26298
     0.99168    0.29683
     1.00000    0.43706
