#      x          Cp  
     1.00000    0.11080
     0.99187    0.10587
     0.98074    0.09824
     0.96776    0.08811
     0.95330    0.07534
     0.93785    0.06009
     0.92186    0.04269
     0.90557    0.02350
     0.88914    0.00281
     0.87263   -0.01909
     0.85609   -0.04197
     0.83952   -0.06563
     0.82294   -0.08991
     0.80635   -0.11465
     0.78976   -0.13977
     0.77315   -0.16518
     0.75655   -0.19084
     0.73994   -0.21672
     0.72333   -0.24280
     0.70672   -0.26911
     0.69011   -0.29567
     0.67350   -0.32251
     0.65690   -0.34967
     0.64030   -0.37722
     0.62371   -0.40519
     0.60712   -0.43366
     0.59055   -0.46269
     0.57398   -0.49235
     0.55743   -0.52271
     0.54089   -0.55385
     0.52436   -0.58585
     0.50785   -0.61881
     0.49136   -0.65281
     0.47489   -0.68797
     0.45844   -0.72439
     0.44201   -0.76220
     0.42562   -0.80154
     0.40925   -0.84256
     0.39291   -0.88543
     0.37661   -0.93036
     0.36035   -0.97758
     0.34413   -1.02736
     0.32796   -1.08001
     0.31184   -1.13593
     0.29578   -1.19558
     0.27979   -1.25954
     0.26388   -1.32856
     0.24806   -1.40359
     0.23237   -1.48598
     0.21684   -1.57758
     0.20154   -1.68216
     0.18661   -1.80485
     0.17212   -1.93767
     0.15811   -2.07426
     0.14460   -2.21064
     0.13157   -2.35457
     0.11906   -2.56848
     0.10706   -2.99975
     0.09561   -3.06971
     0.08476   -3.14595
     0.07456   -3.23171
     0.06508   -3.32813
     0.05639   -3.43250
     0.04853   -3.54049
     0.04151   -3.64933
     0.03531   -3.75828
     0.02989   -3.86776
     0.02516   -3.97857
     0.02106   -4.09147
     0.01750   -4.20702
     0.01440   -4.32545
     0.01172   -4.44649
     0.00939   -4.56921
     0.00737   -4.69162
     0.00563   -4.81008
     0.00415   -4.91856
     0.00291   -5.00757
     0.00190   -5.06300
     0.00110   -5.06541
     0.00052   -4.99078
     0.00016   -4.81473
     0.00001   -4.52815
     0.00006   -4.13126
     0.00035   -3.57484
     0.00091   -2.85517
     0.00178   -2.04066
     0.00294   -1.24440
     0.00441   -0.56278
     0.00616   -0.03564
     0.00819    0.34387
     0.01049    0.60485
     0.01309    0.77709
     0.01602    0.88684
     0.01931    0.95208
     0.02305    0.98674
     0.02732    0.99943
     0.03226    0.99664
     0.03803    0.98239
     0.04485    0.95984
     0.05299    0.93050
     0.06274    0.89644
     0.07429    0.85848
     0.08760    0.81850
     0.10236    0.77744
     0.11804    0.73649
     0.13418    0.69606
     0.15044    0.65646
     0.16662    0.61790
     0.18263    0.58075
     0.19847    0.54566
     0.21419    0.51439
     0.22991    0.48673
     0.24569    0.46166
     0.26153    0.43870
     0.27745    0.41755
     0.29344    0.39802
     0.30949    0.37995
     0.32561    0.36318
     0.34179    0.34760
     0.35801    0.33310
     0.37429    0.31958
     0.39060    0.30695
     0.40696    0.29513
     0.42335    0.28405
     0.43977    0.27365
     0.45623    0.26386
     0.47271    0.25464
     0.48922    0.24592
     0.50575    0.23768
     0.52230    0.22986
     0.53887    0.22244
     0.55546    0.21537
     0.57206    0.20864
     0.58868    0.20220
     0.60531    0.19604
     0.62195    0.19014
     0.63861    0.18448
     0.65526    0.17904
     0.67193    0.17380
     0.68860    0.16876
     0.70528    0.16390
     0.72196    0.15923
     0.73864    0.15472
     0.75532    0.15039
     0.77200    0.14622
     0.78867    0.14224
     0.80535    0.13843
     0.82201    0.13481
     0.83867    0.13140
     0.85532    0.12821
     0.87194    0.12527
     0.88853    0.12262
     0.90505    0.12030
     0.92142    0.11836
     0.93750    0.11689
     0.95303    0.11596
     0.96757    0.11567
     0.98062    0.11571
     0.99182    0.11697
     1.00000    0.11080
