#      x          Cp  
     1.00000    0.13581
     0.99168    0.12046
     0.98037    0.09794
     0.96727    0.07432
     0.95272    0.05037
     0.93720    0.02711
     0.92112    0.00506
     0.90474   -0.01564
     0.88821   -0.03508
     0.87160   -0.05340
     0.85494   -0.07078
     0.83827   -0.08736
     0.82158   -0.10330
     0.80488   -0.11870
     0.78817   -0.13367
     0.77146   -0.14830
     0.75475   -0.16266
     0.73803   -0.17682
     0.72132   -0.19083
     0.70460   -0.20474
     0.68789   -0.21860
     0.67118   -0.23244
     0.65447   -0.24630
     0.63777   -0.26021
     0.62108   -0.27419
     0.60440   -0.28826
     0.58772   -0.30244
     0.57106   -0.31674
     0.55441   -0.33117
     0.53778   -0.34573
     0.52116   -0.36040
     0.50456   -0.37517
     0.48798   -0.39000
     0.47143   -0.40484
     0.45489   -0.41960
     0.43839   -0.43420
     0.42191   -0.44854
     0.40546   -0.46277
     0.38905   -0.47789
     0.37268   -0.49789
     0.35635   -0.53109
     0.34007   -0.58338
     0.32383   -0.63334
     0.30766   -0.64606
     0.29154   -0.66212
     0.27550   -0.68021
     0.25953   -0.69998
     0.24366   -0.72138
     0.22788   -0.74442
     0.21222   -0.76918
     0.19670   -0.79573
     0.18135   -0.82419
     0.16619   -0.85469
     0.15127   -0.88739
     0.13666   -0.92250
     0.12246   -0.96019
     0.10877   -1.00063
     0.09575   -1.04381
     0.08358   -1.08954
     0.07242   -1.13733
     0.06239   -1.18647
     0.05354   -1.23607
     0.04581   -1.28527
     0.03910   -1.33327
     0.03329   -1.37931
     0.02826   -1.42258
     0.02387   -1.46207
     0.02003   -1.49645
     0.01666   -1.52382
     0.01369   -1.54152
     0.01108   -1.54582
     0.00879   -1.53164
     0.00678   -1.49225
     0.00505   -1.41930
     0.00358   -1.30350
     0.00236   -1.13652
     0.00140   -0.91468
     0.00070   -0.64395
     0.00024   -0.34162
     0.00003   -0.03722
     0.00003    0.24291
     0.00024    0.49518
     0.00070    0.70607
     0.00140    0.85921
     0.00236    0.95372
     0.00358    0.99522
     0.00505    0.99612
     0.00678    0.96802
     0.00879    0.92150
     0.01108    0.86325
     0.01369    0.79936
     0.01666    0.73231
     0.02003    0.66495
     0.02387    0.59813
     0.02826    0.53283
     0.03329    0.46947
     0.03910    0.40841
     0.04581    0.34997
     0.05354    0.29458
     0.06239    0.24276
     0.07242    0.19511
     0.08358    0.15213
     0.09575    0.11415
     0.10877    0.08116
     0.12246    0.05288
     0.13666    0.02886
     0.15127    0.00861
     0.16619   -0.00839
     0.18135   -0.02259
     0.19670   -0.03438
     0.21222   -0.04410
     0.22788   -0.05204
     0.24366   -0.05843
     0.25953   -0.06349
     0.27550   -0.06738
     0.29154   -0.07025
     0.30766   -0.07223
     0.32383   -0.07342
     0.34007   -0.07392
     0.35635   -0.07382
     0.37268   -0.07317
     0.38905   -0.07205
     0.40546   -0.07051
     0.42191   -0.06858
     0.43839   -0.06633
     0.45489   -0.06376
     0.47143   -0.06093
     0.48798   -0.05784
     0.50456   -0.05452
     0.52116   -0.05099
     0.53778   -0.04726
     0.55441   -0.04333
     0.57106   -0.03921
     0.58772   -0.03489
     0.60440   -0.03038
     0.62108   -0.02566
     0.63777   -0.02072
     0.65447   -0.01554
     0.67118   -0.01010
     0.68789   -0.00437
     0.70460    0.00166
     0.72132    0.00802
     0.73803    0.01471
     0.75475    0.02170
     0.77146    0.02893
     0.78817    0.03624
     0.80488    0.04338
     0.82158    0.05006
     0.83827    0.05600
     0.85494    0.06114
     0.87160    0.06570
     0.88821    0.06950
     0.90474    0.07253
     0.92112    0.07487
     0.93720    0.07661
     0.95272    0.07789
     0.96727    0.07885
     0.98037    0.07960
     0.99168    0.08887
     1.00000    0.13581
