#      x          Cp  
     1.00000    0.21276
     0.99168    0.19157
     0.98037    0.16254
     0.96727    0.13236
     0.95272    0.10252
     0.93720    0.07428
     0.92112    0.04817
     0.90474    0.02421
     0.88821    0.00217
     0.87160   -0.01827
     0.85494   -0.03739
     0.83827   -0.05543
     0.82158   -0.07259
     0.80488   -0.08904
     0.78817   -0.10493
     0.77146   -0.12035
     0.75475   -0.13542
     0.73803   -0.15021
     0.72132   -0.16480
     0.70460   -0.17924
     0.68789   -0.19359
     0.67118   -0.20790
     0.65447   -0.22221
     0.63777   -0.23656
     0.62108   -0.25099
     0.60440   -0.26552
     0.58772   -0.28019
     0.57106   -0.29503
     0.55441   -0.31006
     0.53778   -0.32531
     0.52116   -0.34079
     0.50456   -0.35653
     0.48798   -0.37256
     0.47143   -0.38888
     0.45489   -0.40551
     0.43839   -0.42248
     0.42191   -0.43980
     0.40546   -0.45747
     0.38905   -0.47550
     0.37268   -0.49389
     0.35635   -0.51262
     0.34007   -0.53167
     0.32383   -0.55096
     0.30766   -0.57038
     0.29154   -0.58970
     0.27550   -0.60857
     0.25953   -0.62676
     0.24366   -0.64594
     0.22788   -0.67685
     0.21222   -0.74506
     0.19670   -0.76653
     0.18135   -0.78898
     0.16619   -0.81569
     0.15127   -0.84536
     0.13666   -0.87766
     0.12246   -0.91251
     0.10877   -0.94991
     0.09575   -0.98976
     0.08358   -1.03181
     0.07242   -1.07557
     0.06239   -1.12032
     0.05354   -1.16522
     0.04581   -1.20945
     0.03910   -1.25221
     0.03329   -1.29277
     0.02826   -1.33031
     0.02387   -1.36381
     0.02003   -1.39193
     0.01666   -1.41278
     0.01369   -1.42372
     0.01108   -1.42108
     0.00879   -1.39995
     0.00678   -1.35387
     0.00505   -1.27495
     0.00358   -1.15457
     0.00236   -0.98537
     0.00140   -0.76471
     0.00070   -0.49955
     0.00024   -0.20757
     0.00003    0.08264
     0.00003    0.34561
     0.00024    0.57833
     0.00070    0.76757
     0.00140    0.89978
     0.00236    0.97472
     0.00358    0.99977
     0.00505    0.98718
     0.00678    0.94857
     0.00879    0.89407
     0.01108    0.83001
     0.01369    0.76193
     0.01666    0.69207
     0.02003    0.62290
     0.02387    0.55507
     0.02826    0.48941
     0.03329    0.42617
     0.03910    0.36563
     0.04581    0.30801
     0.05354    0.25367
     0.06239    0.20306
     0.07242    0.15670
     0.08358    0.11506
     0.09575    0.07838
     0.10877    0.04663
     0.12246    0.01951
     0.13666   -0.00344
     0.15127   -0.02273
     0.16619   -0.03885
     0.18135   -0.05225
     0.19670   -0.06332
     0.21222   -0.07239
     0.22788   -0.07974
     0.24366   -0.08561
     0.25953   -0.09019
     0.27550   -0.09364
     0.29154   -0.09613
     0.30766   -0.09776
     0.32383   -0.09865
     0.34007   -0.09888
     0.35635   -0.09855
     0.37268   -0.09771
     0.38905   -0.09643
     0.40546   -0.09477
     0.42191   -0.09276
     0.43839   -0.09046
     0.45489   -0.08789
     0.47143   -0.08509
     0.48798   -0.08208
     0.50456   -0.07888
     0.52116   -0.07552
     0.53778   -0.07201
     0.55441   -0.06837
     0.57106   -0.06459
     0.58772   -0.06070
     0.60440   -0.05668
     0.62108   -0.05255
     0.63777   -0.04831
     0.65447   -0.04394
     0.67118   -0.03944
     0.68789   -0.03480
     0.70460   -0.03001
     0.72132   -0.02506
     0.73803   -0.01993
     0.75475   -0.01460
     0.77146   -0.00906
     0.78817   -0.00330
     0.80488    0.00267
     0.82158    0.00884
     0.83827    0.01515
     0.85494    0.02149
     0.87160    0.02774
     0.88821    0.03372
     0.90474    0.03928
     0.92112    0.04431
     0.93720    0.04860
     0.95272    0.08147
     0.96727    0.12882
     0.98037    0.16161
     0.99168    0.19192
     1.00000    0.21276
