#      x          Cp  
     1.00000    0.21099
     0.99187    0.18830
     0.98074    0.15698
     0.96776    0.12681
     0.95330    0.09860
     0.93785    0.07313
     0.92186    0.05039
     0.90557    0.03003
     0.88914    0.01162
     0.87263   -0.00522
     0.85609   -0.02080
     0.83952   -0.03536
     0.82294   -0.04911
     0.80635   -0.06219
     0.78976   -0.07473
     0.77315   -0.08683
     0.75655   -0.09858
     0.73994   -0.11004
     0.72333   -0.12127
     0.70672   -0.13232
     0.69011   -0.14323
     0.67350   -0.15404
     0.65690   -0.16477
     0.64030   -0.17544
     0.62371   -0.18607
     0.60712   -0.19666
     0.59055   -0.20722
     0.57398   -0.21773
     0.55743   -0.22815
     0.54089   -0.23844
     0.52436   -0.24850
     0.50785   -0.25820
     0.49136   -0.26737
     0.47489   -0.27595
     0.45844   -0.28498
     0.44201   -0.29999
     0.42562   -0.33424
     0.40925   -0.36158
     0.39291   -0.36790
     0.37661   -0.37775
     0.36035   -0.38927
     0.34413   -0.40183
     0.32796   -0.41520
     0.31184   -0.42930
     0.29578   -0.44415
     0.27979   -0.45983
     0.26388   -0.47651
     0.24806   -0.49452
     0.23237   -0.51436
     0.21684   -0.53676
     0.20154   -0.56294
     0.18661   -0.59386
     0.17212   -0.62587
     0.15811   -0.65574
     0.14460   -0.68064
     0.13157   -0.69810
     0.11906   -0.70595
     0.10706   -0.70242
     0.09561   -0.68613
     0.08476   -0.65624
     0.07456   -0.61259
     0.06508   -0.55580
     0.05639   -0.48728
     0.04853   -0.40903
     0.04151   -0.32341
     0.03531   -0.23263
     0.02989   -0.13858
     0.02516   -0.04259
     0.02106    0.05450
     0.01750    0.15222
     0.01440    0.25037
     0.01172    0.34881
     0.00939    0.44732
     0.00737    0.54556
     0.00563    0.64234
     0.00415    0.73635
     0.00291    0.82413
     0.00190    0.90169
     0.00110    0.96178
     0.00052    0.99592
     0.00016    0.99358
     0.00001    0.94594
     0.00006    0.84440
     0.00035    0.67798
     0.00091    0.45306
     0.00178    0.20150
     0.00294   -0.03461
     0.00441   -0.22190
     0.00616   -0.35103
     0.00819   -0.42806
     0.01049   -0.46550
     0.01309   -0.47520
     0.01602   -0.46637
     0.01931   -0.44555
     0.02305   -0.41715
     0.02732   -0.38414
     0.03226   -0.34856
     0.03803   -0.31183
     0.04485   -0.27517
     0.05299   -0.23985
     0.06274   -0.20753
     0.07429   -0.18046
     0.08760   -0.16116
     0.10236   -0.15132
     0.11804   -0.15102
     0.13418   -0.15884
     0.15044   -0.17266
     0.16662   -0.19013
     0.18263   -0.20887
     0.19847   -0.22612
     0.21419   -0.23716
     0.22991   -0.24288
     0.24569   -0.24556
     0.26153   -0.24608
     0.27745   -0.24506
     0.29344   -0.24286
     0.30949   -0.23974
     0.32561   -0.23588
     0.34179   -0.23145
     0.35801   -0.22653
     0.37429   -0.22123
     0.39060   -0.21561
     0.40696   -0.20974
     0.42335   -0.20366
     0.43977   -0.19743
     0.45623   -0.19107
     0.47271   -0.18464
     0.48922   -0.17815
     0.50575   -0.17165
     0.52230   -0.16517
     0.53887   -0.15877
     0.55546   -0.15251
     0.57206   -0.14648
     0.58868   -0.14085
     0.60531   -0.13597
     0.62195   -0.13272
     0.63861   -0.12672
     0.65526   -0.10070
     0.67193   -0.08245
     0.68860   -0.07382
     0.70528   -0.06815
     0.72196   -0.06258
     0.73864   -0.05642
     0.75532   -0.04960
     0.77200   -0.04213
     0.78867   -0.03405
     0.80535   -0.02536
     0.82201   -0.01600
     0.83867   -0.00590
     0.85532    0.00503
     0.87194    0.01698
     0.88853    0.03013
     0.90505    0.04479
     0.92142    0.06133
     0.93750    0.08022
     0.95303    0.10197
     0.96757    0.12706
     0.98062    0.15537
     0.99182    0.18759
     1.00000    0.21099
