#      x          Cp  
     1.00000    0.05100
     0.99168    0.05009
     0.98037    0.04789
     0.96727    0.04325
     0.95272    0.03706
     0.93720    0.02924
     0.92112    0.01984
     0.90474    0.00892
     0.88821   -0.00344
     0.87160   -0.01715
     0.85494   -0.03213
     0.83827   -0.04830
     0.82158   -0.06556
     0.80488   -0.08384
     0.78817   -0.10304
     0.77146   -0.12309
     0.75475   -0.14391
     0.73803   -0.16544
     0.72132   -0.18760
     0.70460   -0.21036
     0.68789   -0.23369
     0.67118   -0.25754
     0.65447   -0.28192
     0.63777   -0.30680
     0.62108   -0.33221
     0.60440   -0.35815
     0.58772   -0.38465
     0.57106   -0.41174
     0.55441   -0.43945
     0.53778   -0.46783
     0.52116   -0.49693
     0.50456   -0.52681
     0.48798   -0.55753
     0.47143   -0.58917
     0.45489   -0.62180
     0.43839   -0.65550
     0.42191   -0.69038
     0.40546   -0.72654
     0.38905   -0.76409
     0.37268   -0.80317
     0.35635   -0.84392
     0.34007   -0.88652
     0.32383   -0.93114
     0.30766   -0.97802
     0.29154   -1.02741
     0.27550   -1.07960
     0.25953   -1.13495
     0.24366   -1.19386
     0.22788   -1.25683
     0.21222   -1.32445
     0.19670   -1.39743
     0.18135   -1.47663
     0.16619   -1.56306
     0.15127   -1.65794
     0.13666   -1.76264
     0.12246   -1.87866
     0.10877   -2.00740
     0.09575   -2.14989
     0.08358   -2.30622
     0.07242   -2.47500
     0.06239   -2.65328
     0.05354   -2.83857
     0.04581   -3.04099
     0.03910   -3.32869
     0.03329   -3.90571
     0.02826   -4.91167
     0.02387   -5.18594
     0.02003   -5.22760
     0.01666   -5.27132
     0.01369   -5.32862
     0.01108   -5.41696
     0.00879   -5.56330
     0.00678   -5.78553
     0.00505   -6.07877
     0.00358   -6.35792
     0.00236   -6.52995
     0.00140   -6.53332
     0.00070   -6.32977
     0.00024   -5.91253
     0.00003   -5.32412
     0.00003   -4.64029
     0.00024   -3.86706
     0.00070   -3.03610
     0.00140   -2.21916
     0.00236   -1.47628
     0.00358   -0.84356
     0.00505   -0.33110
     0.00678    0.06879
     0.00879    0.37156
     0.01108    0.59533
     0.01369    0.75561
     0.01666    0.86675
     0.02003    0.93876
     0.02387    0.98069
     0.02826    0.99844
     0.03329    0.99720
     0.03910    0.98061
     0.04581    0.95203
     0.05354    0.91374
     0.06239    0.86882
     0.07242    0.81925
     0.08358    0.76798
     0.09575    0.71680
     0.10877    0.66755
     0.12246    0.62114
     0.13666    0.57812
     0.15127    0.53859
     0.16619    0.50244
     0.18135    0.46946
     0.19670    0.43940
     0.21222    0.41197
     0.22788    0.38693
     0.24366    0.36403
     0.25953    0.34307
     0.27550    0.32384
     0.29154    0.30617
     0.30766    0.28992
     0.32383    0.27493
     0.34007    0.26110
     0.35635    0.24830
     0.37268    0.23645
     0.38905    0.22544
     0.40546    0.21520
     0.42191    0.20566
     0.43839    0.19676
     0.45489    0.18842
     0.47143    0.18060
     0.48798    0.17326
     0.50456    0.16634
     0.52116    0.15981
     0.53778    0.15363
     0.55441    0.14777
     0.57106    0.14219
     0.58772    0.13688
     0.60440    0.13181
     0.62108    0.12696
     0.63777    0.12230
     0.65447    0.11783
     0.67118    0.11353
     0.68789    0.10938
     0.70460    0.10538
     0.72132    0.10152
     0.73803    0.09779
     0.75475    0.09418
     0.77146    0.09070
     0.78817    0.08735
     0.80488    0.08413
     0.82158    0.08103
     0.83827    0.07808
     0.85494    0.07527
     0.87160    0.07262
     0.88821    0.07014
     0.90474    0.06785
     0.92112    0.06578
     0.93720    0.06396
     0.95272    0.06240
     0.96727    0.06117
     0.98037    0.05993
     0.99168    0.05977
     1.00000    0.05100
