#      x          Cp  
     1.00000    0.08429
     0.99097    0.08235
     0.97920    0.08029
     0.96596    0.07881
     0.95136    0.07901
     0.93563    0.07770
     0.91904    0.06675
     0.90185    0.05024
     0.88427    0.02832
     0.86642    0.00148
     0.84841   -0.02954
     0.83030   -0.06389
     0.81212   -0.10070
     0.79390   -0.13918
     0.77564   -0.17868
     0.75737   -0.21872
     0.73908   -0.25896
     0.72078   -0.29922
     0.70248   -0.33943
     0.68418   -0.37957
     0.66588   -0.41970
     0.64759   -0.45990
     0.62931   -0.50028
     0.61104   -0.54095
     0.59279   -0.58202
     0.57457   -0.62364
     0.55637   -0.66592
     0.53821   -0.70902
     0.52008   -0.75307
     0.50200   -0.79825
     0.48396   -0.84472
     0.46599   -0.89270
     0.44809   -0.94246
     0.43028   -0.99441
     0.41258   -1.04905
     0.39505   -1.10887
     0.37769   -1.16806
     0.36048   -1.22625
     0.34339   -1.28476
     0.32643   -1.34395
     0.30960   -1.40415
     0.29290   -1.46561
     0.27635   -1.52855
     0.25997   -1.59322
     0.24378   -1.65985
     0.22780   -1.72868
     0.21207   -1.80000
     0.19663   -1.87408
     0.18153   -1.95121
     0.16684   -2.03166
     0.15263   -2.11566
     0.13899   -2.20334
     0.12599   -2.29469
     0.11373   -2.38952
     0.10228   -2.48733
     0.09169   -2.58728
     0.08197   -2.68798
     0.07312   -2.78710
     0.06510   -2.88168
     0.05786   -2.97292
     0.05133   -3.10156
     0.04544   -3.47869
     0.04012   -3.56592
     0.03532   -3.65641
     0.03098   -3.75319
     0.02704   -3.85898
     0.02347   -3.97414
     0.02023   -4.09624
     0.01728   -4.22130
     0.01462   -4.34497
     0.01221   -4.46266
     0.01004   -4.56919
     0.00809   -4.65820
     0.00637   -4.72188
     0.00485   -4.75085
     0.00355   -4.73446
     0.00246   -4.66174
     0.00157   -4.52311
     0.00088   -4.31275
     0.00040   -4.03127
     0.00011   -3.68717
     0.00000   -3.30283
     0.00007   -2.89302
     0.00033   -2.44265
     0.00080   -1.96330
     0.00149   -1.47656
     0.00240   -1.00721
     0.00355   -0.57738
     0.00492   -0.20195
     0.00651    0.11242
     0.00834    0.36636
     0.01038    0.56476
     0.01266    0.71527
     0.01517    0.82541
     0.01792    0.90298
     0.02094    0.95408
     0.02423    0.98441
     0.02783    0.99816
     0.03176    0.99893
     0.03607    0.98944
     0.04080    0.97194
     0.04601    0.94803
     0.05175    0.91923
     0.05811    0.88647
     0.06516    0.85085
     0.07299    0.81303
     0.08168    0.77384
     0.09133    0.73395
     0.10198    0.69409
     0.11366    0.65495
     0.12636    0.61719
     0.14002    0.58135
     0.15455    0.54785
     0.16984    0.51692
     0.18578    0.48863
     0.20226    0.46293
     0.21918    0.43968
     0.23647    0.41866
     0.25407    0.39965
     0.27193    0.38242
     0.29001    0.36671
     0.30828    0.35231
     0.32671    0.33899
     0.34528    0.32653
     0.36396    0.31465
     0.38271    0.30314
     0.40148    0.29069
     0.42022    0.27906
     0.43897    0.26926
     0.45775    0.26051
     0.47657    0.25261
     0.49545    0.24536
     0.51437    0.23863
     0.53335    0.23235
     0.55237    0.22643
     0.57144    0.22082
     0.59054    0.21546
     0.60968    0.21030
     0.62886    0.20531
     0.64806    0.20045
     0.66728    0.19569
     0.68652    0.19101
     0.70578    0.18639
     0.72505    0.18179
     0.74433    0.17722
     0.76361    0.17265
     0.78288    0.16807
     0.80213    0.16348
     0.82135    0.15886
     0.84052    0.15422
     0.85959    0.14955
     0.87850    0.14485
     0.89715    0.14014
     0.91537    0.13542
     0.93292    0.13071
     0.94950    0.12602
     0.96480    0.12145
     0.97858    0.11620
     0.99073    0.11387
     1.00000    0.08429
