#      x          Cp  
     1.00000    0.44201
     0.99187    0.24706
     0.98074    0.18247
     0.96776    0.12468
     0.95330    0.07675
     0.93785    0.03426
     0.92186   -0.00396
     0.90557   -0.03895
     0.88914   -0.07146
     0.87263   -0.10208
     0.85609   -0.13126
     0.83952   -0.15934
     0.82294   -0.18659
     0.80635   -0.21324
     0.78976   -0.23945
     0.77315   -0.26539
     0.75655   -0.29118
     0.73994   -0.31693
     0.72333   -0.34273
     0.70672   -0.36870
     0.69011   -0.39490
     0.67350   -0.42142
     0.65690   -0.44833
     0.64030   -0.47572
     0.62371   -0.50366
     0.60712   -0.53221
     0.59055   -0.56146
     0.57398   -0.59149
     0.55743   -0.62237
     0.54089   -0.65418
     0.52436   -0.68702
     0.50785   -0.72099
     0.49136   -0.75617
     0.47489   -0.79269
     0.45844   -0.83068
     0.44201   -0.87025
     0.42562   -0.91157
     0.40925   -0.95481
     0.39291   -1.00017
     0.37661   -1.04786
     0.36035   -1.09817
     0.34413   -1.15138
     0.32796   -1.20788
     0.31184   -1.26812
     0.29578   -1.33264
     0.27979   -1.40213
     0.26388   -1.47748
     0.24806   -1.55985
     0.23237   -1.65088
     0.21684   -1.75282
     0.20154   -1.87122
     0.18661   -2.01530
     0.17212   -2.17375
     0.15811   -2.34078
     0.14460   -2.51295
     0.13157   -2.68735
     0.11906   -2.86141
     0.10706   -3.03286
     0.09561   -3.19976
     0.08476   -3.36067
     0.07456   -3.51472
     0.06508   -3.66185
     0.05639   -3.80279
     0.04853   -3.93904
     0.04151   -4.07261
     0.03531   -4.20573
     0.02989   -4.34064
     0.02516   -4.47929
     0.02106   -4.62326
     0.01750   -4.77381
     0.01440   -4.93171
     0.01172   -5.09708
     0.00939   -5.26923
     0.00737   -5.44622
     0.00563   -5.62419
     0.00415   -5.79642
     0.00291   -5.95200
     0.00190   -6.07436
     0.00110   -6.13999
     0.00052   -6.11900
     0.00016   -5.97899
     0.00001   -5.69817
     0.00006   -5.29224
     0.00035   -4.69352
     0.00091   -3.88033
     0.00178   -2.92652
     0.00294   -1.96769
     0.00441   -1.12657
     0.00616   -0.46076
     0.00819    0.03140
     0.01049    0.37981
     0.01309    0.61941
     0.01602    0.78005
     0.01931    0.88437
     0.02305    0.94859
     0.02732    0.98409
     0.03226    0.99871
     0.03803    0.99788
     0.04485    0.98535
     0.05299    0.96378
     0.06274    0.93521
     0.07429    0.90146
     0.08760    0.86435
     0.10236    0.82555
     0.11804    0.78633
     0.13418    0.74739
     0.15044    0.70912
     0.16662    0.67176
     0.18263    0.63566
     0.19847    0.60142
     0.21419    0.57100
     0.22991    0.54391
     0.24569    0.51911
     0.26153    0.49630
     0.27745    0.47524
     0.29344    0.45576
     0.30949    0.43770
     0.32561    0.42094
     0.34179    0.40537
     0.35801    0.39088
     0.37429    0.37737
     0.39060    0.36478
     0.40696    0.35301
     0.42335    0.34201
     0.43977    0.33170
     0.45623    0.32205
     0.47271    0.31298
     0.48922    0.30447
     0.50575    0.29645
     0.52230    0.28891
     0.53887    0.28180
     0.55546    0.27510
     0.57206    0.26878
     0.58868    0.26281
     0.60531    0.25717
     0.62195    0.25186
     0.63861    0.24685
     0.65526    0.24213
     0.67193    0.23771
     0.68860    0.23357
     0.70528    0.22972
     0.72196    0.22615
     0.73864    0.22289
     0.75532    0.21995
     0.77200    0.21735
     0.78867    0.21512
     0.80535    0.21330
     0.82201    0.21195
     0.83867    0.21115
     0.85532    0.21099
     0.87194    0.21161
     0.88853    0.21321
     0.90505    0.21605
     0.92142    0.22054
     0.93750    0.22730
     0.95303    0.23726
     0.96757    0.25186
     0.98062    0.27445
     0.99182    0.30671
     1.00000    0.44201
