#      x          Cp  
     1.00000    0.15483
     0.99187    0.14622
     0.98074    0.13311
     0.96776    0.11639
     0.95330    0.09624
     0.93785    0.07334
     0.92186    0.04848
     0.90557    0.02238
     0.88914   -0.00445
     0.87263   -0.03162
     0.85609   -0.05889
     0.83952   -0.08611
     0.82294   -0.11317
     0.80635   -0.14006
     0.78976   -0.16676
     0.77315   -0.19330
     0.75655   -0.21973
     0.73994   -0.24611
     0.72333   -0.27249
     0.70672   -0.29896
     0.69011   -0.32556
     0.67350   -0.35239
     0.65690   -0.37950
     0.64030   -0.40697
     0.62371   -0.43488
     0.60712   -0.46330
     0.59055   -0.49231
     0.57398   -0.52197
     0.55743   -0.55238
     0.54089   -0.58361
     0.52436   -0.61575
     0.50785   -0.64890
     0.49136   -0.68315
     0.47489   -0.71861
     0.45844   -0.75541
     0.44201   -0.79366
     0.42562   -0.83353
     0.40925   -0.87516
     0.39291   -0.91874
     0.37661   -0.96450
     0.36035   -1.01267
     0.34413   -1.06355
     0.32796   -1.11749
     0.31184   -1.17491
     0.29578   -1.23632
     0.27979   -1.30237
     0.26388   -1.37390
     0.24806   -1.45199
     0.23237   -1.53816
     0.21684   -1.63453
     0.20154   -1.74550
     0.18661   -1.87739
     0.17212   -2.02251
     0.15811   -2.17574
     0.14460   -2.33347
     0.13157   -2.49244
     0.11906   -2.64942
     0.10706   -2.80090
     0.09561   -2.94300
     0.08476   -3.07400
     0.07456   -3.20765
     0.06508   -3.42697
     0.05639   -3.58653
     0.04853   -3.68107
     0.04151   -3.78485
     0.03531   -3.89309
     0.02989   -4.00466
     0.02516   -4.11966
     0.02106   -4.23851
     0.01750   -4.36160
     0.01440   -4.48914
     0.01172   -4.62088
     0.00939   -4.75596
     0.00737   -4.89239
     0.00563   -5.02649
     0.00415   -5.15201
     0.00291   -5.25902
     0.00190   -5.33265
     0.00110   -5.35223
     0.00052   -5.29192
     0.00016   -5.12458
     0.00001   -4.83848
     0.00006   -4.43831
     0.00035   -3.86962
     0.00091   -3.12370
     0.00178   -2.27078
     0.00294   -1.43032
     0.00441   -0.70604
     0.00616   -0.14225
     0.00819    0.26658
     0.01049    0.55012
     0.01309    0.73951
     0.01602    0.86214
     0.01931    0.93714
     0.02305    0.97914
     0.02732    0.99743
     0.03226    0.99888
     0.03803    0.98790
     0.04485    0.96770
     0.05299    0.94023
     0.06274    0.90742
     0.07429    0.87045
     0.08760    0.83111
     0.10236    0.79056
     0.11804    0.75001
     0.13418    0.70990
     0.15044    0.67059
     0.16662    0.63229
     0.18263    0.59535
     0.19847    0.56042
     0.21419    0.52938
     0.22991    0.50191
     0.24569    0.47692
     0.26153    0.45399
     0.27745    0.43287
     0.29344    0.41335
     0.30949    0.39528
     0.32561    0.37852
     0.34179    0.36294
     0.35801    0.34845
     0.37429    0.33494
     0.39060    0.32232
     0.40696    0.31052
     0.42335    0.29947
     0.43977    0.28910
     0.45623    0.27935
     0.47271    0.27017
     0.48922    0.26151
     0.50575    0.25333
     0.52230    0.24560
     0.53887    0.23826
     0.55546    0.23129
     0.57206    0.22467
     0.58868    0.21836
     0.60531    0.21234
     0.62195    0.20660
     0.63861    0.20110
     0.65526    0.19585
     0.67193    0.19083
     0.68860    0.18602
     0.70528    0.18142
     0.72196    0.17703
     0.73864    0.17285
     0.75532    0.16887
     0.77200    0.16510
     0.78867    0.16155
     0.80535    0.15825
     0.82201    0.15520
     0.83867    0.15243
     0.85532    0.14999
     0.87194    0.14792
     0.88853    0.14629
     0.90505    0.14519
     0.92142    0.14475
     0.93750    0.14513
     0.95303    0.14650
     0.96757    0.14908
     0.98062    0.15254
     0.99182    0.15787
     1.00000    0.15483
