#      x          Cp  
     1.00000    0.47948
     0.99097    0.26456
     0.97920    0.19325
     0.96596    0.13073
     0.95136    0.07937
     0.93563    0.03367
     0.91904   -0.00769
     0.90185   -0.04565
     0.88427   -0.08084
     0.86642   -0.11375
     0.84841   -0.14479
     0.83030   -0.17431
     0.81212   -0.20258
     0.79390   -0.22984
     0.77564   -0.25630
     0.75737   -0.28210
     0.73908   -0.30741
     0.72078   -0.33233
     0.70248   -0.35699
     0.68418   -0.38146
     0.66588   -0.40583
     0.64759   -0.43018
     0.62931   -0.45459
     0.61104   -0.47911
     0.59279   -0.50380
     0.57457   -0.52873
     0.55637   -0.55396
     0.53821   -0.57954
     0.52008   -0.60554
     0.50200   -0.63203
     0.48396   -0.65910
     0.46599   -0.68685
     0.44809   -0.71546
     0.43028   -0.74523
     0.41258   -0.77650
     0.39505   -0.81346
     0.37769   -0.84717
     0.36048   -0.87791
     0.34339   -0.90760
     0.32643   -0.93643
     0.30960   -0.96456
     0.29290   -0.99205
     0.27635   -1.01892
     0.25997   -1.04517
     0.24378   -1.07078
     0.22780   -1.09573
     0.21207   -1.11996
     0.19663   -1.14343
     0.18153   -1.16606
     0.16684   -1.18779
     0.15263   -1.20853
     0.13899   -1.22819
     0.12599   -1.24667
     0.11373   -1.26387
     0.10228   -1.27968
     0.09169   -1.29401
     0.08197   -1.30675
     0.07312   -1.31781
     0.06510   -1.32708
     0.05786   -1.33440
     0.05133   -1.33961
     0.04544   -1.34245
     0.04012   -1.34262
     0.03532   -1.33970
     0.03098   -1.33318
     0.02704   -1.32240
     0.02347   -1.30655
     0.02023   -1.28463
     0.01728   -1.25539
     0.01462   -1.21738
     0.01221   -1.16885
     0.01004   -1.10783
     0.00809   -1.03213
     0.00637   -0.93956
     0.00485   -0.82812
     0.00355   -0.69646
     0.00246   -0.54448
     0.00157   -0.37395
     0.00088   -0.18909
     0.00040    0.00335
     0.00011    0.19494
     0.00000    0.37514
     0.00007    0.53939
     0.00033    0.68833
     0.00080    0.81377
     0.00149    0.90882
     0.00240    0.96990
     0.00355    0.99751
     0.00492    0.99566
     0.00651    0.97039
     0.00834    0.92821
     0.01038    0.87500
     0.01266    0.81549
     0.01517    0.75319
     0.01792    0.69057
     0.02094    0.62923
     0.02423    0.57016
     0.02783    0.51392
     0.03176    0.46079
     0.03607    0.41087
     0.04080    0.36415
     0.04601    0.32056
     0.05175    0.28003
     0.05811    0.24248
     0.06516    0.20784
     0.07299    0.17610
     0.08168    0.14726
     0.09133    0.12137
     0.10198    0.09848
     0.11366    0.07862
     0.12636    0.06179
     0.14002    0.04790
     0.15455    0.03680
     0.16984    0.02825
     0.18578    0.02197
     0.20226    0.01763
     0.21918    0.01495
     0.23647    0.01362
     0.25407    0.01339
     0.27193    0.01401
     0.29001    0.01527
     0.30828    0.01698
     0.32671    0.01893
     0.34528    0.02094
     0.36396    0.02273
     0.38271    0.02417
     0.40148    0.02277
     0.42022    0.02230
     0.43897    0.02427
     0.45775    0.02694
     0.47657    0.03017
     0.49545    0.03379
     0.51437    0.03770
     0.53335    0.04183
     0.55237    0.04614
     0.57144    0.05058
     0.59054    0.05514
     0.60968    0.05979
     0.62886    0.06454
     0.64806    0.06937
     0.66728    0.07430
     0.68652    0.07935
     0.70578    0.08453
     0.72505    0.08988
     0.74433    0.09545
     0.76361    0.10129
     0.78288    0.10748
     0.80213    0.11411
     0.82135    0.12130
     0.84052    0.12922
     0.85959    0.13806
     0.87850    0.14809
     0.89715    0.15968
     0.91537    0.17328
     0.93292    0.18955
     0.94950    0.20943
     0.96480    0.23434
     0.97858    0.26858
     0.99073    0.31312
     1.00000    0.47948
