#      x          Cp  
     1.00000    0.15935
     0.99097    0.13972
     0.97920    0.11141
     0.96596    0.08011
     0.95136    0.04655
     0.93563    0.01200
     0.91904   -0.02246
     0.90185   -0.05608
     0.88427   -0.08845
     0.86642   -0.11944
     0.84841   -0.14909
     0.83030   -0.17752
     0.81212   -0.20486
     0.79390   -0.23128
     0.77564   -0.25689
     0.75737   -0.28184
     0.73908   -0.30622
     0.72078   -0.33012
     0.70248   -0.35362
     0.68418   -0.37675
     0.66588   -0.39955
     0.64759   -0.42202
     0.62931   -0.44412
     0.61104   -0.46577
     0.59279   -0.48681
     0.57457   -0.50700
     0.55637   -0.52600
     0.53821   -0.54366
     0.52008   -0.56141
     0.50200   -0.58824
     0.48396   -0.65398
     0.46599   -0.78180
     0.44809   -0.80637
     0.43028   -0.82143
     0.41258   -0.83724
     0.39505   -0.85421
     0.37769   -0.87280
     0.36048   -0.89339
     0.34339   -0.91599
     0.32643   -0.94025
     0.30960   -0.96563
     0.29290   -0.99158
     0.27635   -1.01766
     0.25997   -1.04356
     0.24378   -1.06908
     0.22780   -1.09406
     0.21207   -1.11840
     0.19663   -1.14201
     0.18153   -1.16481
     0.16684   -1.18670
     0.15263   -1.20761
     0.13899   -1.22742
     0.12599   -1.24604
     0.11373   -1.26335
     0.10228   -1.27924
     0.09169   -1.29361
     0.08197   -1.30634
     0.07312   -1.31732
     0.06510   -1.32644
     0.05786   -1.33354
     0.05133   -1.33845
     0.04544   -1.34091
     0.04012   -1.34060
     0.03532   -1.33711
     0.03098   -1.32994
     0.02704   -1.31842
     0.02347   -1.30175
     0.02023   -1.27893
     0.01728   -1.24875
     0.01462   -1.20975
     0.01221   -1.16024
     0.01004   -1.09826
     0.00809   -1.02171
     0.00637   -0.92844
     0.00485   -0.81652
     0.00355   -0.68469
     0.00246   -0.53292
     0.00157   -0.36302
     0.00088   -0.17920
     0.00040    0.01183
     0.00011    0.20190
     0.00000    0.38010
     0.00007    0.54315
     0.00033    0.69072
     0.00080    0.81528
     0.00149    0.90936
     0.00240    0.97011
     0.00355    0.99748
     0.00492    0.99576
     0.00651    0.97069
     0.00834    0.92898
     0.01038    0.87600
     0.01266    0.81696
     0.01517    0.75486
     0.01792    0.69252
     0.02094    0.63132
     0.02423    0.57237
     0.02783    0.51619
     0.03176    0.46309
     0.03607    0.41315
     0.04080    0.36639
     0.04601    0.32274
     0.05175    0.28213
     0.05811    0.24448
     0.06516    0.20973
     0.07299    0.17787
     0.08168    0.14891
     0.09133    0.12289
     0.10198    0.09986
     0.11366    0.07987
     0.12636    0.06290
     0.14002    0.04888
     0.15455    0.03765
     0.16984    0.02896
     0.18578    0.02254
     0.20226    0.01807
     0.21918    0.01525
     0.23647    0.01379
     0.25407    0.01342
     0.27193    0.01391
     0.29001    0.01504
     0.30828    0.01663
     0.32671    0.01848
     0.34528    0.02041
     0.36396    0.02220
     0.38271    0.02366
     0.40148    0.02387
     0.42022    0.02433
     0.43897    0.02602
     0.45775    0.02847
     0.47657    0.03152
     0.49545    0.03504
     0.51437    0.03892
     0.53335    0.04310
     0.55237    0.04752
     0.57144    0.05215
     0.59054    0.05697
     0.60968    0.06196
     0.62886    0.06714
     0.64806    0.07251
     0.66728    0.07809
     0.68652    0.08391
     0.70578    0.09001
     0.72505    0.09641
     0.74433    0.10314
     0.76361    0.11018
     0.78288    0.11743
     0.80213    0.12468
     0.82135    0.13161
     0.84052    0.13782
     0.85959    0.14312
     0.87850    0.14769
     0.89715    0.15137
     0.91537    0.15414
     0.93292    0.15609
     0.94950    0.15739
     0.96480    0.15820
     0.97858    0.15870
     0.99073    0.15899
     1.00000    0.15935
