#      x          Cp  
     1.00000    0.41449
     0.99168    0.23071
     0.98037    0.17536
     0.96727    0.12839
     0.95272    0.09122
     0.93720    0.05951
     0.92112    0.03192
     0.90474    0.00740
     0.88821   -0.01477
     0.87160   -0.03514
     0.85494   -0.05410
     0.83827   -0.07197
     0.82158   -0.08898
     0.80488   -0.10529
     0.78817   -0.12107
     0.77146   -0.13642
     0.75475   -0.15144
     0.73803   -0.16622
     0.72132   -0.18083
     0.70460   -0.19532
     0.68789   -0.20975
     0.67118   -0.22417
     0.65447   -0.23861
     0.63777   -0.25313
     0.62108   -0.26775
     0.60440   -0.28251
     0.58772   -0.29744
     0.57106   -0.31256
     0.55441   -0.32790
     0.53778   -0.34349
     0.52116   -0.35935
     0.50456   -0.37551
     0.48798   -0.39199
     0.47143   -0.40882
     0.45489   -0.42601
     0.43839   -0.44359
     0.42191   -0.46159
     0.40546   -0.48003
     0.38905   -0.49894
     0.37268   -0.51835
     0.35635   -0.53829
     0.34007   -0.55879
     0.32383   -0.57991
     0.30766   -0.60167
     0.29154   -0.62414
     0.27550   -0.64737
     0.25953   -0.67144
     0.24366   -0.69643
     0.22788   -0.72243
     0.21222   -0.74958
     0.19670   -0.77801
     0.18135   -0.80789
     0.16619   -0.83943
     0.15127   -0.87284
     0.13666   -0.90838
     0.12246   -0.94629
     0.10877   -0.98676
     0.09575   -1.02986
     0.08358   -1.07543
     0.07242   -1.12307
     0.06239   -1.17211
     0.05354   -1.22173
     0.04581   -1.27111
     0.03910   -1.31946
     0.03329   -1.36607
     0.02826   -1.41011
     0.02387   -1.45056
     0.02003   -1.48611
     0.01666   -1.51484
     0.01369   -1.53403
     0.01108   -1.53993
     0.00879   -1.52737
     0.00678   -1.48951
     0.00505   -1.41784
     0.00358   -1.30285
     0.00236   -1.13600
     0.00140   -0.91350
     0.00070   -0.64123
     0.00024   -0.33725
     0.00003   -0.03046
     0.00003    0.25052
     0.00024    0.50312
     0.00070    0.71275
     0.00140    0.86476
     0.00236    0.95689
     0.00358    0.99632
     0.00505    0.99498
     0.00678    0.96507
     0.00879    0.91673
     0.01108    0.85744
     0.01369    0.79234
     0.01666    0.72478
     0.02003    0.65684
     0.02387    0.58977
     0.02826    0.52433
     0.03329    0.46095
     0.03910    0.39997
     0.04581    0.34169
     0.05354    0.28652
     0.06239    0.23496
     0.07242    0.18759
     0.08358    0.14490
     0.09575    0.10720
     0.10877    0.07448
     0.12246    0.04645
     0.13666    0.02266
     0.15127    0.00261
     0.16619   -0.01420
     0.18135   -0.02822
     0.19670   -0.03986
     0.21222   -0.04944
     0.22788   -0.05725
     0.24366   -0.06353
     0.25953   -0.06848
     0.27550   -0.07228
     0.29154   -0.07507
     0.30766   -0.07697
     0.32383   -0.07810
     0.34007   -0.07855
     0.35635   -0.07841
     0.37268   -0.07774
     0.38905   -0.07660
     0.40546   -0.07506
     0.42191   -0.07315
     0.43839   -0.07092
     0.45489   -0.06841
     0.47143   -0.06565
     0.48798   -0.06266
     0.50456   -0.05947
     0.52116   -0.05609
     0.53778   -0.05254
     0.55441   -0.04884
     0.57106   -0.04499
     0.58772   -0.04100
     0.60440   -0.03687
     0.62108   -0.03259
     0.63777   -0.02818
     0.65447   -0.02361
     0.67118   -0.01888
     0.68789   -0.01397
     0.70460   -0.00887
     0.72132   -0.00354
     0.73803    0.00203
     0.75475    0.00790
     0.77146    0.01410
     0.78817    0.02070
     0.80488    0.02776
     0.82158    0.03537
     0.83827    0.04365
     0.85494    0.05273
     0.87160    0.06282
     0.88821    0.07416
     0.90474    0.08710
     0.92112    0.10214
     0.93720    0.11995
     0.95272    0.14155
     0.96727    0.16837
     0.98037    0.20437
     0.99168    0.24961
     1.00000    0.41449
