#      x          Cp  
     1.00000    0.11741
     0.99187    0.10372
     0.98074    0.08318
     0.96776    0.06080
     0.95330    0.03742
     0.93785    0.01416
     0.92186   -0.00833
     0.90557   -0.02979
     0.88914   -0.05019
     0.87263   -0.06962
     0.85609   -0.08821
     0.83952   -0.10610
     0.82294   -0.12339
     0.80635   -0.14021
     0.78976   -0.15664
     0.77315   -0.17277
     0.75655   -0.18868
     0.73994   -0.20443
     0.72333   -0.22008
     0.70672   -0.23569
     0.69011   -0.25130
     0.67350   -0.26697
     0.65690   -0.28272
     0.64030   -0.29861
     0.62371   -0.31466
     0.60712   -0.33091
     0.59055   -0.34739
     0.57398   -0.36412
     0.55743   -0.38115
     0.54089   -0.39849
     0.52436   -0.41616
     0.50785   -0.43420
     0.49136   -0.45262
     0.47489   -0.47143
     0.45844   -0.49064
     0.44201   -0.51026
     0.42562   -0.53027
     0.40925   -0.55064
     0.39291   -0.57129
     0.37661   -0.59208
     0.36035   -0.61277
     0.34413   -0.63294
     0.32796   -0.65191
     0.31184   -0.66888
     0.29578   -0.68504
     0.27979   -0.71557
     0.26388   -0.82754
     0.24806   -0.99224
     0.23237   -1.01650
     0.21684   -1.04026
     0.20154   -1.06598
     0.18661   -1.09655
     0.17212   -1.13480
     0.15811   -1.18211
     0.14460   -1.23862
     0.13157   -1.29770
     0.11906   -1.35212
     0.10706   -1.39727
     0.09561   -1.43049
     0.08476   -1.45027
     0.07456   -1.45593
     0.06508   -1.44762
     0.05639   -1.42629
     0.04853   -1.39359
     0.04151   -1.35153
     0.03531   -1.30213
     0.02989   -1.24710
     0.02516   -1.18762
     0.02106   -1.12428
     0.01750   -1.05717
     0.01440   -0.98587
     0.01172   -0.90955
     0.00939   -0.82698
     0.00737   -0.73656
     0.00563   -0.63634
     0.00415   -0.52407
     0.00291   -0.39736
     0.00190   -0.25413
     0.00110   -0.09323
     0.00052    0.08379
     0.00016    0.27305
     0.00001    0.46160
     0.00006    0.64094
     0.00035    0.80349
     0.00091    0.92777
     0.00178    0.99192
     0.00294    0.99361
     0.00441    0.94757
     0.00616    0.87655
     0.00819    0.79742
     0.01049    0.72183
     0.01309    0.65344
     0.01602    0.59433
     0.01931    0.54377
     0.02305    0.50094
     0.02732    0.46463
     0.03226    0.43368
     0.03803    0.40701
     0.04485    0.38356
     0.05299    0.36227
     0.06274    0.34201
     0.07429    0.32155
     0.08760    0.29973
     0.10236    0.27572
     0.11804    0.24931
     0.13418    0.22080
     0.15044    0.19089
     0.16662    0.16053
     0.18263    0.13090
     0.19847    0.10363
     0.21419    0.08180
     0.22991    0.06495
     0.24569    0.05140
     0.26153    0.04031
     0.27745    0.03114
     0.29344    0.02354
     0.30949    0.01726
     0.32561    0.01212
     0.34179    0.00796
     0.35801    0.00466
     0.37429    0.00212
     0.39060    0.00024
     0.40696   -0.00105
     0.42335   -0.00181
     0.43977   -0.00210
     0.45623   -0.00197
     0.47271   -0.00145
     0.48922   -0.00059
     0.50575    0.00060
     0.52230    0.00208
     0.53887    0.00383
     0.55546    0.00585
     0.57206    0.00812
     0.58868    0.01064
     0.60531    0.01340
     0.62195    0.01641
     0.63861    0.01967
     0.65526    0.02321
     0.67193    0.02704
     0.68860    0.03119
     0.70528    0.03569
     0.72196    0.04058
     0.73864    0.04590
     0.75532    0.05169
     0.77200    0.05798
     0.78867    0.06476
     0.80535    0.07196
     0.82201    0.07939
     0.83867    0.08671
     0.85532    0.09347
     0.87194    0.09928
     0.88853    0.10415
     0.90505    0.10828
     0.92142    0.11146
     0.93750    0.11375
     0.95303    0.11530
     0.96757    0.11626
     0.98062    0.11681
     0.99182    0.11712
     1.00000    0.11741
