#      x          Cp  
     1.00000    0.41644
     0.99187    0.23180
     0.98074    0.17488
     0.96776    0.12611
     0.95330    0.08716
     0.93785    0.05375
     0.92186    0.02453
     0.90557   -0.00154
     0.88914   -0.02523
     0.87263   -0.04708
     0.85609   -0.06752
     0.83952   -0.08685
     0.82294   -0.10532
     0.80635   -0.12311
     0.78976   -0.14036
     0.77315   -0.15722
     0.75655   -0.17377
     0.73994   -0.19010
     0.72333   -0.20629
     0.70672   -0.22240
     0.69011   -0.23850
     0.67350   -0.25464
     0.65690   -0.27086
     0.64030   -0.28720
     0.62371   -0.30372
     0.60712   -0.32046
     0.59055   -0.33744
     0.57398   -0.35470
     0.55743   -0.37229
     0.54089   -0.39025
     0.52436   -0.40859
     0.50785   -0.42738
     0.49136   -0.44663
     0.47489   -0.46641
     0.45844   -0.48674
     0.44201   -0.50768
     0.42562   -0.52928
     0.40925   -0.55160
     0.39291   -0.57470
     0.37661   -0.59867
     0.36035   -0.62359
     0.34413   -0.64957
     0.32796   -0.67674
     0.31184   -0.70526
     0.29578   -0.73534
     0.27979   -0.76725
     0.26388   -0.80133
     0.24806   -0.83807
     0.23237   -0.87824
     0.21684   -0.92291
     0.20154   -0.97532
     0.18661   -1.04097
     0.17212   -1.11116
     0.15811   -1.18120
     0.14460   -1.24801
     0.13157   -1.30896
     0.11906   -1.36166
     0.10706   -1.40404
     0.09561   -1.43435
     0.08476   -1.45131
     0.07456   -1.45430
     0.06508   -1.44346
     0.05639   -1.41973
     0.04853   -1.38478
     0.04151   -1.34063
     0.03531   -1.28930
     0.02989   -1.23251
     0.02516   -1.17144
     0.02106   -1.10668
     0.01750   -1.03832
     0.01440   -0.96594
     0.01172   -0.88871
     0.00939   -0.80541
     0.00737   -0.71444
     0.00563   -0.61384
     0.00415   -0.50137
     0.00291   -0.37465
     0.00190   -0.23159
     0.00110   -0.07111
     0.00052    0.10540
     0.00016    0.29330
     0.00001    0.48107
     0.00006    0.65755
     0.00035    0.81701
     0.00091    0.93611
     0.00178    0.99474
     0.00294    0.99048
     0.00441    0.93952
     0.00616    0.86448
     0.00819    0.78326
     0.01049    0.70615
     0.01309    0.63756
     0.01602    0.57854
     0.01931    0.52858
     0.02305    0.48656
     0.02732    0.45123
     0.03226    0.42135
     0.03803    0.39579
     0.04485    0.37345
     0.05299    0.35322
     0.06274    0.33389
     0.07429    0.31416
     0.08760    0.29280
     0.10236    0.26897
     0.11804    0.24245
     0.13418    0.21363
     0.15044    0.18325
     0.16662    0.15229
     0.18263    0.12199
     0.19847    0.09402
     0.21419    0.07275
     0.22991    0.05672
     0.24569    0.04358
     0.26153    0.03274
     0.27745    0.02374
     0.29344    0.01627
     0.30949    0.01010
     0.32561    0.00505
     0.34179    0.00096
     0.35801   -0.00227
     0.37429   -0.00477
     0.39060   -0.00661
     0.40696   -0.00788
     0.42335   -0.00863
     0.43977   -0.00893
     0.45623   -0.00882
     0.47271   -0.00835
     0.48922   -0.00756
     0.50575   -0.00646
     0.52230   -0.00511
     0.53887   -0.00350
     0.55546   -0.00167
     0.57206    0.00037
     0.58868    0.00262
     0.60531    0.00505
     0.62195    0.00768
     0.63861    0.01049
     0.65526    0.01350
     0.67193    0.01670
     0.68860    0.02012
     0.70528    0.02376
     0.72196    0.02764
     0.73864    0.03180
     0.75532    0.03626
     0.77200    0.04108
     0.78867    0.04629
     0.80535    0.05197
     0.82201    0.05821
     0.83867    0.06510
     0.85532    0.07280
     0.87194    0.08147
     0.88853    0.09138
     0.90505    0.10285
     0.92142    0.11639
     0.93750    0.13267
     0.95303    0.15272
     0.96757    0.17798
     0.98062    0.21230
     0.99182    0.25596
     1.00000    0.41644
