#      x          Cp  
     1.00000    0.20781
     0.99187    0.18750
     0.98074    0.15953
     0.96776    0.12956
     0.95330    0.09927
     0.93785    0.07013
     0.92186    0.04285
     0.90557    0.01757
     0.88914   -0.00589
     0.87263   -0.02778
     0.85609   -0.04836
     0.83952   -0.06788
     0.82294   -0.08654
     0.80635   -0.10449
     0.78976   -0.12189
     0.77315   -0.13885
     0.75655   -0.15546
     0.73994   -0.17183
     0.72333   -0.18802
     0.70672   -0.20409
     0.69011   -0.22012
     0.67350   -0.23615
     0.65690   -0.25223
     0.64030   -0.26841
     0.62371   -0.28473
     0.60712   -0.30122
     0.59055   -0.31793
     0.57398   -0.33489
     0.55743   -0.35215
     0.54089   -0.36972
     0.52436   -0.38765
     0.50785   -0.40598
     0.49136   -0.42473
     0.47489   -0.44394
     0.45844   -0.46366
     0.44201   -0.48391
     0.42562   -0.50473
     0.40925   -0.52618
     0.39291   -0.54829
     0.37661   -0.57109
     0.36035   -0.59464
     0.34413   -0.61896
     0.32796   -0.64405
     0.31184   -0.66989
     0.29578   -0.69635
     0.27979   -0.72309
     0.26388   -0.74946
     0.24806   -0.77508
     0.23237   -0.80569
     0.21684   -0.90169
     0.20154   -1.01455
     0.18661   -1.05083
     0.17212   -1.09205
     0.15811   -1.14184
     0.14460   -1.19813
     0.13157   -1.25376
     0.11906   -1.30305
     0.10706   -1.34262
     0.09561   -1.37032
     0.08476   -1.38474
     0.07456   -1.38521
     0.06508   -1.37186
     0.05639   -1.34562
     0.04853   -1.30812
     0.04151   -1.26138
     0.03531   -1.20739
     0.02989   -1.14787
     0.02516   -1.08398
     0.02106   -1.01631
     0.01750   -0.94495
     0.01440   -0.86952
     0.01172   -0.78920
     0.00939   -0.70285
     0.00737   -0.60897
     0.00563   -0.50576
     0.00415   -0.39123
     0.00291   -0.26334
     0.00190   -0.12052
     0.00110    0.03781
     0.00052    0.20926
     0.00016    0.38916
     0.00001    0.56478
     0.00006    0.72652
     0.00035    0.86671
     0.00091    0.96372
     0.00178    0.99984
     0.00294    0.97627
     0.00441    0.91076
     0.00616    0.82659
     0.00819    0.73976
     0.01049    0.66042
     0.01309    0.59100
     0.01602    0.53260
     0.01931    0.48383
     0.02305    0.44347
     0.02732    0.41001
     0.03226    0.38212
     0.03803    0.35859
     0.04485    0.33829
     0.05299    0.32006
     0.06274    0.30265
     0.07429    0.28473
     0.08760    0.26499
     0.10236    0.24256
     0.11804    0.21720
     0.13418    0.18932
     0.15044    0.15970
     0.16662    0.12939
     0.18263    0.09968
     0.19847    0.07229
     0.21419    0.05088
     0.22991    0.03466
     0.24569    0.02163
     0.26153    0.01097
     0.27745    0.00218
     0.29344   -0.00508
     0.30949   -0.01105
     0.32561   -0.01591
     0.34179   -0.01983
     0.35801   -0.02291
     0.37429   -0.02527
     0.39060   -0.02700
     0.40696   -0.02816
     0.42335   -0.02883
     0.43977   -0.02906
     0.45623   -0.02890
     0.47271   -0.02839
     0.48922   -0.02758
     0.50575   -0.02648
     0.52230   -0.02513
     0.53887   -0.02355
     0.55546   -0.02176
     0.57206   -0.01977
     0.58868   -0.01760
     0.60531   -0.01525
     0.62195   -0.01273
     0.63861   -0.01004
     0.65526   -0.00718
     0.67193   -0.00414
     0.68860   -0.00090
     0.70528    0.00253
     0.72196    0.00618
     0.73864    0.01008
     0.75532    0.01425
     0.77200    0.01873
     0.78867    0.02356
     0.80535    0.02879
     0.82201    0.03445
     0.83867    0.04057
     0.85532    0.04716
     0.87194    0.05411
     0.88853    0.06120
     0.90505    0.06799
     0.92142    0.07401
     0.93750    0.07901
     0.95303    0.08320
     0.96757    0.08676
     0.98062    0.08979
     0.99182    0.15242
     1.00000    0.20781
