#      x          Cp  
     1.00000    0.24774
     0.99097    0.22458
     0.97920    0.19133
     0.96596    0.15372
     0.95136    0.11340
     0.93563    0.07243
     0.91904    0.03242
     0.90185   -0.00575
     0.88427   -0.04178
     0.86642   -0.07569
     0.84841   -0.10771
     0.83030   -0.13809
     0.81212   -0.16709
     0.79390   -0.19494
     0.77564   -0.22184
     0.75737   -0.24798
     0.73908   -0.27349
     0.72078   -0.29852
     0.70248   -0.32317
     0.68418   -0.34753
     0.66588   -0.37170
     0.64759   -0.39574
     0.62931   -0.41972
     0.61104   -0.44368
     0.59279   -0.46767
     0.57457   -0.49173
     0.55637   -0.51586
     0.53821   -0.54008
     0.52008   -0.56434
     0.50200   -0.58858
     0.48396   -0.61266
     0.46599   -0.63635
     0.44809   -0.65940
     0.43028   -0.68244
     0.41258   -0.71155
     0.39505   -0.77667
     0.37769   -0.84560
     0.36048   -0.86179
     0.34339   -0.88204
     0.32643   -0.90431
     0.30960   -0.92774
     0.29290   -0.95175
     0.27635   -0.97593
     0.25997   -0.99994
     0.24378   -1.02357
     0.22780   -1.04665
     0.21207   -1.06905
     0.19663   -1.09064
     0.18153   -1.11132
     0.16684   -1.13098
     0.15263   -1.14951
     0.13899   -1.16680
     0.12599   -1.18271
     0.11373   -1.19715
     0.10228   -1.20999
     0.09169   -1.22114
     0.08197   -1.23051
     0.07312   -1.23799
     0.06510   -1.24349
     0.05786   -1.24685
     0.05133   -1.24792
     0.04544   -1.24644
     0.04012   -1.24211
     0.03532   -1.23453
     0.03098   -1.22318
     0.02704   -1.20744
     0.02347   -1.18650
     0.02023   -1.15940
     0.01728   -1.12498
     0.01462   -1.08185
     0.01221   -1.02840
     0.01004   -0.96281
     0.00809   -0.88315
     0.00637   -0.78750
     0.00485   -0.67423
     0.00355   -0.54240
     0.00246   -0.39235
     0.00157   -0.22622
     0.00088   -0.04848
     0.00040    0.13410
     0.00011    0.31339
     0.00000    0.47948
     0.00007    0.62843
     0.00033    0.76067
     0.00080    0.86794
     0.00149    0.94479
     0.00240    0.98822
     0.00355    0.99983
     0.00492    0.98407
     0.00651    0.94727
     0.00834    0.89577
     0.01038    0.83537
     0.01266    0.77038
     0.01517    0.70415
     0.01792    0.63874
     0.02094    0.57559
     0.02423    0.51546
     0.02783    0.45875
     0.03176    0.40563
     0.03607    0.35608
     0.04080    0.31003
     0.04601    0.26734
     0.05175    0.22789
     0.05811    0.19156
     0.06516    0.15827
     0.07299    0.12795
     0.08168    0.10059
     0.09133    0.07622
     0.10198    0.05484
     0.11366    0.03649
     0.12636    0.02112
     0.14002    0.00863
     0.15455   -0.00115
     0.16984   -0.00848
     0.18578   -0.01364
     0.20226   -0.01696
     0.21918   -0.01872
     0.23647   -0.01923
     0.25407   -0.01873
     0.27193   -0.01747
     0.29001   -0.01564
     0.30828   -0.01345
     0.32671   -0.01108
     0.34528   -0.00871
     0.36396   -0.00659
     0.38271   -0.00494
     0.40148   -0.00506
     0.42022   -0.00484
     0.43897   -0.00308
     0.45775   -0.00054
     0.47657    0.00258
     0.49545    0.00611
     0.51437    0.00992
     0.53335    0.01395
     0.55237    0.01814
     0.57144    0.02243
     0.59054    0.02681
     0.60968    0.03125
     0.62886    0.03574
     0.64806    0.04027
     0.66728    0.04484
     0.68652    0.04947
     0.70578    0.05415
     0.72505    0.05892
     0.74433    0.06379
     0.76361    0.06879
     0.78288    0.07396
     0.80213    0.07931
     0.82135    0.08488
     0.84052    0.09066
     0.85959    0.09661
     0.87850    0.10263
     0.89715    0.10853
     0.91537    0.11406
     0.93292    0.11893
     0.94950    0.12269
     0.96480    0.15850
     0.97858    0.19723
     0.99073    0.23002
     1.00000    0.24774
