NACA 0014
    1.000000      0.1470000E-02
   0.9911352      0.2913202E-02
   0.9794304      0.4794865E-02
   0.9661122      0.6903559E-02
   0.9513390      0.9203412E-02
   0.9354095      0.1163831E-01
   0.9186621      0.1414933E-01
   0.9013858      0.1668857E-01
   0.8837866      0.1922326E-01
   0.8659962      0.2173340E-01
   0.8480932      0.2420764E-01
   0.8301234      0.2663975E-01
   0.8121130      0.2902636E-01
   0.7940777      0.3136562E-01
   0.7760269      0.3365635E-01
   0.7579669      0.3589766E-01
   0.7399021      0.3808871E-01
   0.7218362      0.4022861E-01
   0.7037721      0.4231628E-01
   0.6857127      0.4435049E-01
   0.6676606      0.4632980E-01
   0.6496185      0.4825252E-01
   0.6315891      0.5011678E-01
   0.6135751      0.5192043E-01
   0.5955793      0.5366111E-01
   0.5776046      0.5533617E-01
   0.5596539      0.5694276E-01
   0.5417304      0.5847773E-01
   0.5238372      0.5993768E-01
   0.5059779      0.6131894E-01
   0.4881560      0.6261757E-01
   0.4703754      0.6382932E-01
   0.4526402      0.6494967E-01
   0.4349549      0.6597379E-01
   0.4173243      0.6689655E-01
   0.3997537      0.6771249E-01
   0.3822489      0.6841581E-01
   0.3648165      0.6900039E-01
   0.3474638      0.6945974E-01
   0.3301991      0.6978702E-01
   0.3130322      0.6997503E-01
   0.2959741      0.7001621E-01
   0.2790383      0.6990267E-01
   0.2622407      0.6962623E-01
   0.2456013      0.6917852E-01
   0.2291447      0.6855117E-01
   0.2129021      0.6773610E-01
   0.1969138      0.6672607E-01
   0.1812315      0.6551548E-01
   0.1659214      0.6410160E-01
   0.1510670      0.6248620E-01
   0.1367685      0.6067763E-01
   0.1231401      0.5869257E-01
   0.1102992      0.5655697E-01
   0.9835129E-01  0.5430497E-01
   0.8737211E-01  0.5197553E-01
   0.7739496E-01  0.4960743E-01
   0.6840755E-01  0.4723446E-01
   0.6035916E-01  0.4488236E-01
   0.5317369E-01  0.4256794E-01
   0.4676317E-01  0.4030010E-01
   0.4103835E-01  0.3808152E-01
   0.3591550E-01  0.3591055E-01
   0.3131979E-01  0.3378272E-01
   0.2718654E-01  0.3169192E-01
   0.2346104E-01  0.2963113E-01
   0.2009785E-01  0.2759298E-01
   0.1705980E-01  0.2557002E-01
   0.1431706E-01  0.2355504E-01
   0.1184623E-01  0.2154126E-01
   0.9629634E-02  0.1952253E-01
   0.7654602E-02  0.1749370E-01
   0.5912859E-02  0.1545103E-01
   0.4399790E-02  0.1339274E-01
   0.3113464E-02  0.1131960E-01
   0.2053452E-02  0.9235674E-02
   0.1218964E-02  0.7148224E-02
   0.6075750E-03  0.5069093E-02
   0.2122676E-03  0.3009067E-02
   0.2280533E-04  0.9898438E-03
   0.2280533E-04 -0.9898438E-03
   0.2122676E-03 -0.3009067E-02
   0.6075750E-03 -0.5069093E-02
   0.1218964E-02 -0.7148224E-02
   0.2053452E-02 -0.9235674E-02
   0.3113464E-02 -0.1131960E-01
   0.4399790E-02 -0.1339274E-01
   0.5912859E-02 -0.1545103E-01
   0.7654602E-02 -0.1749370E-01
   0.9629634E-02 -0.1952253E-01
   0.1184623E-01 -0.2154126E-01
   0.1431706E-01 -0.2355504E-01
   0.1705980E-01 -0.2557002E-01
   0.2009785E-01 -0.2759298E-01
   0.2346104E-01 -0.2963113E-01
   0.2718654E-01 -0.3169192E-01
   0.3131979E-01 -0.3378272E-01
   0.3591550E-01 -0.3591055E-01
   0.4103835E-01 -0.3808152E-01
   0.4676317E-01 -0.4030010E-01
   0.5317369E-01 -0.4256794E-01
   0.6035916E-01 -0.4488236E-01
   0.6840755E-01 -0.4723446E-01
   0.7739496E-01 -0.4960743E-01
   0.8737211E-01 -0.5197553E-01
   0.9835129E-01 -0.5430497E-01
   0.1102992     -0.5655697E-01
   0.1231401     -0.5869257E-01
   0.1367685     -0.6067763E-01
   0.1510670     -0.6248620E-01
   0.1659214     -0.6410160E-01
   0.1812315     -0.6551548E-01
   0.1969138     -0.6672607E-01
   0.2129021     -0.6773610E-01
   0.2291447     -0.6855117E-01
   0.2456013     -0.6917852E-01
   0.2622407     -0.6962623E-01
   0.2790383     -0.6990267E-01
   0.2959741     -0.7001621E-01
   0.3130322     -0.6997503E-01
   0.3301991     -0.6978702E-01
   0.3474638     -0.6945974E-01
   0.3648165     -0.6900039E-01
   0.3822489     -0.6841581E-01
   0.3997537     -0.6771249E-01
   0.4173243     -0.6689655E-01
   0.4349549     -0.6597379E-01
   0.4526402     -0.6494967E-01
   0.4703754     -0.6382932E-01
   0.4881560     -0.6261757E-01
   0.5059779     -0.6131894E-01
   0.5238372     -0.5993768E-01
   0.5417304     -0.5847773E-01
   0.5596539     -0.5694276E-01
   0.5776046     -0.5533617E-01
   0.5955793     -0.5366111E-01
   0.6135751     -0.5192043E-01
   0.6315891     -0.5011678E-01
   0.6496185     -0.4825252E-01
   0.6676606     -0.4632980E-01
   0.6857127     -0.4435049E-01
   0.7037721     -0.4231628E-01
   0.7218362     -0.4022861E-01
   0.7399021     -0.3808871E-01
   0.7579669     -0.3589766E-01
   0.7760269     -0.3365635E-01
   0.7940777     -0.3136562E-01
   0.8121130     -0.2902636E-01
   0.8301234     -0.2663975E-01
   0.8480932     -0.2420764E-01
   0.8659962     -0.2173340E-01
   0.8837866     -0.1922326E-01
   0.9013858     -0.1668857E-01
   0.9186621     -0.1414933E-01
   0.9354095     -0.1163831E-01
   0.9513390     -0.9203412E-02
   0.9661122     -0.6903559E-02
   0.9794304     -0.4794865E-02
   0.9911352     -0.2913202E-02
    1.000000     -0.1470000E-02
