NACA 2414
    1.000000      0.1470000E-02
   0.9912784      0.3467236E-02
   0.9797892      0.6062269E-02
   0.9667529      0.8957960E-02
   0.9523293      0.1210231E-01
   0.9368057      0.1541781E-01
   0.9205019      0.1882466E-01
   0.9036893      0.2225834E-01
   0.8865618      0.2567464E-01
   0.8692437      0.2904630E-01
   0.8518097      0.3235758E-01
   0.8343037      0.3559965E-01
   0.8167511      0.3876763E-01
   0.7991671      0.4185871E-01
   0.7815610      0.4487114E-01
   0.7639390      0.4780369E-01
   0.7463054      0.5065528E-01
   0.7286637      0.5342486E-01
   0.7110170      0.5611130E-01
   0.6933681      0.5871334E-01
   0.6757195      0.6122956E-01
   0.6580738      0.6365834E-01
   0.6404338      0.6599791E-01
   0.6228021      0.6824626E-01
   0.6051815      0.7040121E-01
   0.5875749      0.7246036E-01
   0.5699853      0.7442108E-01
   0.5524159      0.7628054E-01
   0.5348702      0.7803567E-01
   0.5173521      0.7968314E-01
   0.4998662      0.8121941E-01
   0.4824179      0.8264063E-01
   0.4650145      0.8394268E-01
   0.4476660      0.8512113E-01
   0.4303872      0.8617122E-01
   0.4132012      0.8708788E-01
   0.3961456      0.8786442E-01
   0.3792470      0.8847106E-01
   0.3624666      0.8889384E-01
   0.3457881      0.8912995E-01
   0.3292056      0.8917525E-01
   0.3127206      0.8902490E-01
   0.2963389      0.8867372E-01
   0.2800701      0.8811631E-01
   0.2639264      0.8734720E-01
   0.2479236      0.8636102E-01
   0.2320810      0.8515266E-01
   0.2164229      0.8371760E-01
   0.2009795      0.8205238E-01
   0.1857894      0.8015529E-01
   0.1709017      0.7802741E-01
   0.1563780      0.7567407E-01
   0.1422951      0.7310661E-01
   0.1287442      0.7034436E-01
   0.1158281      0.6741613E-01
   0.1036525      0.6436037E-01
   0.9231265E-01  0.6122312E-01
   0.8187846E-01  0.5805353E-01
   0.7238301E-01  0.5489800E-01
   0.6381897E-01  0.5179498E-01
   0.5614392E-01  0.4877190E-01
   0.4929107E-01  0.4584495E-01
   0.4318119E-01  0.4302057E-01
   0.3773238E-01  0.4029803E-01
   0.3286668E-01  0.3767178E-01
   0.2851365E-01  0.3513345E-01
   0.2461179E-01  0.3267324E-01
   0.2110871E-01  0.3028086E-01
   0.1796057E-01  0.2794613E-01
   0.1513128E-01  0.2565928E-01
   0.1259160E-01  0.2341122E-01
   0.1031836E-01  0.2119370E-01
   0.8293679E-02  0.1899946E-01
   0.6504330E-02  0.1682249E-01
   0.4941116E-02  0.1465829E-01
   0.3598151E-02  0.1250427E-01
   0.2472087E-02  0.1036023E-01
   0.1560946E-02  0.8228607E-02
   0.8629505E-03  0.6115064E-02
   0.3748624E-03  0.4028145E-02
   0.9035023E-04  0.1976439E-02
   0.6555439E-08 -0.1686119E-04
   0.9485671E-04 -0.2006251E-02
   0.3920785E-03 -0.4041332E-02
   0.9086757E-03 -0.6093684E-02
   0.1656865E-02 -0.8147425E-02
   0.2642466E-02 -0.1018530E-01
   0.3866572E-02 -0.1219374E-01
   0.5327589E-02 -0.1416352E-01
   0.7023639E-02 -0.1608990E-01
   0.8954633E-02 -0.1797191E-01
   0.1112378E-01 -0.1981150E-01
   0.1353863E-01 -0.2161253E-01
   0.1621178E-01 -0.2338003E-01
   0.1916155E-01 -0.2511965E-01
   0.2241260E-01 -0.2683724E-01
   0.2599676E-01 -0.2853852E-01
   0.2995399E-01 -0.3022888E-01
   0.3433351E-01 -0.3191307E-01
   0.3919500E-01 -0.3359486E-01
   0.4460963E-01 -0.3527659E-01
   0.5066040E-01 -0.3695837E-01
   0.5744104E-01 -0.3863723E-01
   0.6505224E-01 -0.4030588E-01
   0.7359382E-01 -0.4195139E-01
   0.8315185E-01 -0.4355438E-01
   0.9378207E-01 -0.4508917E-01
   0.1054940     -0.4652578E-01
   0.1182429     -0.4783377E-01
   0.1319353     -0.4898685E-01
   0.1464463     -0.4996658E-01
   0.1616416     -0.5076379E-01
   0.1773952     -0.5137778E-01
   0.1935998     -0.5181425E-01
   0.2101693     -0.5208305E-01
   0.2270366     -0.5219628E-01
   0.2441506     -0.5216695E-01
   0.2614723     -0.5200821E-01
   0.2789713     -0.5173290E-01
   0.2966236     -0.5135327E-01
   0.3144087     -0.5088097E-01
   0.3323086     -0.5032704E-01
   0.3503045     -0.4970196E-01
   0.3683741     -0.4901586E-01
   0.3864863     -0.4827866E-01
   0.4045905     -0.4749970E-01
   0.4226530     -0.4665687E-01
   0.4407169     -0.4574278E-01
   0.4588051     -0.4476266E-01
   0.4769284     -0.4372156E-01
   0.4950907     -0.4262435E-01
   0.5132925     -0.4147572E-01
   0.5315325     -0.4028006E-01
   0.5498085     -0.3904150E-01
   0.5681177     -0.3776389E-01
   0.5864574     -0.3645076E-01
   0.6048245     -0.3510536E-01
   0.6232163     -0.3373066E-01
   0.6416298     -0.3232933E-01
   0.6600623     -0.3090375E-01
   0.6785108     -0.2945604E-01
   0.6969728     -0.2798803E-01
   0.7154453     -0.2650129E-01
   0.7339254     -0.2499715E-01
   0.7524100     -0.2347667E-01
   0.7708955     -0.2194073E-01
   0.7893774     -0.2039001E-01
   0.8078494     -0.1882511E-01
   0.8263021     -0.1724667E-01
   0.8447198     -0.1565566E-01
   0.8630756     -0.1405384E-01
   0.8813227     -0.1244464E-01
   0.8993789     -0.1083463E-01
   0.9171050     -0.9235716E-02
   0.9342802     -0.7667820E-02
   0.9505926     -0.6160315E-02
   0.9656781     -0.4749040E-02
   0.9792213     -0.3466978E-02
   0.9910668     -0.2333172E-02
    1.000000     -0.1470000E-02
